,date,open,high,low,close,volume,frac,fracHigh,fracLow,month
0,2019-02-19 00:00:00,122.0,123.53,121.67,122.51,373298.0,0.0041803278688525005,0.012540983606557386,0.0027049180327868715,2
1,2019-02-20 00:00:00,122.15,123.35,121.77,122.85,277162.0,0.005730659025787873,0.009823986901350704,0.0031109291854278316,2
2,2019-02-21 00:00:00,122.54,123.42,121.84,122.38,317609.0,-0.0013056960992329917,0.007181328545780932,0.005712420434143976,2
3,2019-02-22 00:00:00,122.3,123.46,121.68,122.39,362178.0,0.0007358953393295454,0.00948487326246931,0.005069501226492154,2
4,2019-02-25 00:00:00,123.0,123.75,121.42,121.96,479158.0,-0.008455284552845579,0.006097560975609756,0.01284552845528454,2
5,2019-02-26 00:00:00,121.51,121.5569,120.32,120.56,300355.0,-0.007818286560776913,0.00038597646284251275,0.009793432639289045,2
6,2019-02-27 00:00:00,120.46,120.925,119.7935,120.62,272780.0,0.0013282417399967691,0.003860202556865378,0.005532956998173661,2
7,2019-02-28 00:00:00,120.36,121.565,120.06,120.96,395114.0,0.004985044865403742,0.010011631771352595,0.002492522432701871,2
8,2019-03-01 00:00:00,121.97,122.9,120.44,122.6,349822.0,0.005165204558497954,0.007624825776830424,0.012544068213495132,3
9,2019-03-04 00:00:00,122.84,123.165,120.82,122.03,356276.0,-0.006593943340931311,0.0026457180071638134,0.01644415499837195,3
10,2019-03-05 00:00:00,121.86,122.5595,120.2547,121.28,175464.0,-0.004759560150992929,0.00574019366486132,0.013173313638601672,3
11,2019-03-06 00:00:00,121.32,121.34,119.65,120.06,460707.0,-0.010385756676557788,0.0001648532805803679,0.013765248928453573,3
12,2019-03-07 00:00:00,120.06,120.67,119.49,119.8,200066.0,-0.0021655838747293445,0.005080792936864896,0.004747626186906608,3
13,2019-03-08 00:00:00,118.93,119.76,118.18,119.17,344766.0,0.002017993777852475,0.006978895148406611,0.006306230555789119,3
14,2019-03-11 00:00:00,119.51,121.04,119.07,120.98,219613.0,0.012300225922516934,0.012802275960170705,0.0036817002761276203,3
15,2019-03-12 00:00:00,121.08,122.37,120.5,122.23,260310.0,0.009497852659398792,0.010654112983151687,0.004790221341261961,3
16,2019-03-13 00:00:00,122.69,123.64,122.35,122.81,578316.0,0.0009780748227239755,0.007743092346564536,0.002771211997717853,3
17,2019-03-14 00:00:00,122.73,123.705,121.79,123.55,381303.0,0.006681333007414594,0.007944267905157617,0.00765908905728019,3
18,2019-03-15 00:00:00,124.0,124.26,122.77,123.38,650643.0,-0.0050000000000000365,0.002096774193548428,0.00991935483870971,3
19,2019-03-18 00:00:00,123.56,123.56,121.54,123.23,539960.0,-0.002670767238588526,0.0,0.016348332793784365,3
20,2019-03-19 00:00:00,123.5,123.68,122.555,123.31,168268.0,-0.00153846153846152,0.0014574898785425653,0.007651821862348123,3
21,2019-03-20 00:00:00,122.3,124.49,122.3,123.22,262250.0,0.0075224856909239714,0.017906786590351578,0.0,3
22,2019-03-21 00:00:00,122.88,125.49,122.88,125.16,496448.0,0.01855468750000001,0.021240234374999997,0.0,3
23,2019-03-22 00:00:00,124.54,124.88,122.97,123.02,273002.0,-0.01220491408382857,0.0027300465713826013,0.01260639152079659,3
24,2019-03-25 00:00:00,122.58,122.87,121.29,122.44,331555.0,-0.0011421112742698693,0.002365801925273342,0.010523739598629402,3
25,2019-03-26 00:00:00,123.54,123.735,122.34,123.24,335979.0,-0.0024283632831472507,0.0015784361340455979,0.009713453132588657,3
26,2019-03-27 00:00:00,123.36,125.82,122.27,125.27,399492.0,0.015483138780804123,0.019941634241245086,0.0088359273670558,3
27,2019-03-28 00:00:00,125.13,127.27,124.54,126.67,219535.0,0.012307200511468124,0.017102213697754342,0.004715096299848072,3
28,2019-03-29 00:00:00,127.46,128.64,126.47,128.03,352749.0,0.004471991212929604,0.009257806370626022,0.0077671426329828566,3
29,2019-04-01 00:00:00,128.35,129.53,126.07,127.43,296787.0,-0.007167900272691761,0.00919361121932222,0.017763926762758092,4
30,2019-04-02 00:00:00,127.69,128.03,125.82,126.55,259442.0,-0.008927872190461279,0.0026626987234709327,0.014644842979090019,4
31,2019-04-03 00:00:00,127.21,127.2478,125.59,125.98,372787.0,-0.009669051175221995,0.00029714645075076075,0.012734847889316803,4
32,2019-04-04 00:00:00,126.23,126.99,124.96,125.81,323499.0,-0.003327259763923011,0.006020755763289162,0.010060999762338669,4
33,2019-04-05 00:00:00,126.03,127.13,125.0,125.47,477825.0,-0.00444338649527892,0.008728080615726368,0.00817265730381656,4
34,2019-04-08 00:00:00,125.59,125.95,124.03,125.53,694168.0,-0.0004777450433951929,0.002866470260371044,0.012421371128274562,4
35,2019-04-09 00:00:00,125.53,127.08,124.695,125.7,291575.0,0.0013542579463076691,0.012347645981040366,0.006651796383334724,4
36,2019-04-10 00:00:00,126.04,127.12,125.58,126.42,512057.0,0.0030149158997143403,0.008568708346556635,0.003649635036496413,4
37,2019-04-11 00:00:00,126.72,128.36,126.44,128.1,436753.0,0.01089015151515148,0.012941919191919308,0.0022095959595959686,4
38,2019-04-12 00:00:00,128.49,129.23,127.93,128.66,378005.0,0.0013230601603236632,0.005759203050820925,0.004358315822242993,4
39,2019-04-15 00:00:00,128.97,129.87,128.26,128.68,389040.0,-0.0022485849422345665,0.006978367062107511,0.005505156237884841,4
40,2019-04-16 00:00:00,129.7,129.7,124.99,125.2,443644.0,-0.034695451040863426,0.0,0.03631457208943712,4
41,2019-04-17 00:00:00,126.03,126.24,119.62,120.49,897362.0,-0.0439577878282949,0.0016662699357295385,0.05086090613346026,4
42,2019-04-18 00:00:00,121.12,123.31,120.19,122.83,641116.0,0.014118229854689511,0.01808124174372521,0.007678335535006661,4
43,2019-04-22 00:00:00,122.24,125.49,122.24,123.25,359427.0,0.008262434554973865,0.026587041884816753,0.0,4
44,2019-04-23 00:00:00,123.65,126.56,123.65,125.72,438358.0,0.016740800646987408,0.023534169025475102,0.0,4
45,2019-04-24 00:00:00,125.51,127.98,125.51,127.61,372606.0,0.01673173452314552,0.019679706796271203,0.0,4
46,2019-04-25 00:00:00,126.92,128.66,126.47,127.99,230452.0,0.008430507406240097,0.013709423258745626,0.003545540497951488,4
47,2019-04-26 00:00:00,127.99,129.51,127.51,129.11,279103.0,0.008750683647160081,0.01187592780685988,0.0037502929916398923,4
48,2019-04-29 00:00:00,129.44,130.85,128.84,130.33,575390.0,0.006875772558714577,0.010893077873918392,0.004635352286773751,4
49,2019-04-30 00:00:00,130.75,131.7,130.1782,130.98,335661.0,0.0017590822179731531,0.007265774378584999,0.004373231357552551,4
50,2019-05-01 00:00:00,131.58,132.52,130.1308,131.5,387930.0,-0.0006079951360390066,0.007143942848457195,0.011013831889345028,5
51,2019-05-02 00:00:00,131.01,132.69,130.48,131.96,352504.0,0.007251354858407886,0.012823448591710609,0.004045492710480125,5
52,2019-05-03 00:00:00,133.0,134.99,132.95,133.23,476504.0,0.0017293233082705999,0.014962406015037663,0.0003759398496241456,5
53,2019-05-06 00:00:00,131.56,134.055,131.55,134.01,629142.0,0.01862268166615984,0.018964730921252695,7.601094557609384e-05,5
54,2019-05-07 00:00:00,132.93,133.53,129.91,130.97,493747.0,-0.0147446024223276,0.004513653802753286,0.022718724140525164,5
55,2019-05-08 00:00:00,131.03,131.8,129.6,130.21,845313.0,-0.00625810883003887,0.005876516828207359,0.010913531252385002,5
56,2019-05-09 00:00:00,129.41,130.64,127.96,129.91,410848.0,0.0038636890503052313,0.00950467506375079,0.011204698245885193,5
57,2019-05-10 00:00:00,129.67,130.05,127.07,129.23,866256.0,-0.0033932289658363366,0.002930515925040672,0.020050898434487503,5
58,2019-05-13 00:00:00,126.74,127.35,124.54,125.07,552779.0,-0.013176581978854362,0.004813002998264158,0.017358371469149352,5
59,2019-05-14 00:00:00,127.05,134.49,127.05,130.64,1053829.0,0.028256591892955443,0.05855962219598593,0.0,5
60,2019-05-15 00:00:00,130.8,132.87,130.04,131.42,502866.0,0.004740061162079328,0.01582568807339444,0.005810397553516967,5
61,2019-05-16 00:00:00,132.2,135.97,132.04,133.72,596637.0,0.01149773071104395,0.028517397881997055,0.0012102874432677504,5
62,2019-05-17 00:00:00,132.4,135.67,132.4,133.35,419151.0,0.007175226586102633,0.024697885196374485,0.0,5
63,2019-05-20 00:00:00,132.98,135.1,132.51,134.76,554488.0,0.013385471499473615,0.015942246954429272,0.003534366070085719,5
64,2019-05-21 00:00:00,134.8,137.27,134.8,135.8,703678.0,0.007418397626112759,0.018323442136498506,0.0,5
65,2019-05-22 00:00:00,136.39,137.6,135.64,136.11,442396.0,-0.0020529364322895574,0.008871618153823653,0.005498936872204708,5
66,2019-05-23 00:00:00,135.21,135.92,134.3,134.8,486624.0,-0.003032320094667529,0.005251090895643662,0.00673027142962796,5
67,2019-05-24 00:00:00,135.6,136.48,134.72,135.11,530570.0,-0.003613569321533781,0.006489675516224156,0.006489675516224156,5
68,2019-05-28 00:00:00,135.49,137.62,132.6587,133.92,4043922.0,-0.011587571038453181,0.01572071739611776,0.02089674514724333,5
69,2019-05-29 00:00:00,132.68,133.92,131.76,133.41,527954.0,0.005501959602049968,0.009345794392523218,0.006933976484775519,5
70,2019-05-30 00:00:00,133.34,134.84,132.53,133.35,502544.0,7.499625018742241e-05,0.011249437528123593,0.006074696265186757,5
71,2019-05-31 00:00:00,131.77,133.97,130.29,133.68,668695.0,0.014494953327768054,0.01669575775973278,0.01123169158382043,5
72,2019-06-03 00:00:00,133.89,134.92,133.11,134.07,514355.0,0.0013443871835089017,0.007692882216745098,0.005825677795204816,6
73,2019-06-04 00:00:00,135.0,136.16,134.52,135.92,576410.0,0.006814814814814722,0.008592592592592567,0.00355555555555548,6
74,2019-06-05 00:00:00,136.4,136.98,135.35,136.98,605832.0,0.004252199413489619,0.004252199413489619,0.00769794721407633,6
75,2019-06-06 00:00:00,136.98,137.68,135.61,137.23,490622.0,0.0018250839538618779,0.005110235070813382,0.010001460067162916,6
76,2019-06-07 00:00:00,137.64,138.87,136.73,138.02,535395.0,0.0027608253414706766,0.008936355710549392,0.0066114501598372325,6
77,2019-06-10 00:00:00,138.52,141.26,138.36,140.9,410007.0,0.0171816344210222,0.01978053710655487,0.0011550678602367643,6
78,2019-06-11 00:00:00,141.28,142.355,139.01,140.45,472840.0,-0.005874858437146181,0.007609003397508413,0.016067383918459868,6
79,2019-06-12 00:00:00,140.49,142.48,140.05,142.39,585650.0,0.013524094241582869,0.014164709231973667,0.0031318955085771066,6
80,2019-06-13 00:00:00,142.75,142.9794,140.67,141.83,436807.0,-0.006444833625218827,0.0016070052539404432,0.014570928196147198,6
81,2019-06-14 00:00:00,142.09,142.8505,140.39,140.43,278922.0,-0.011682736293898209,0.005352241537054033,0.011964248011823612,6
82,2019-06-17 00:00:00,140.44,142.81,140.36,142.65,337573.0,0.015736257476502476,0.016875534035887246,0.000569638279692282,6
83,2019-06-18 00:00:00,143.47,144.57,142.55,142.92,332438.0,-0.003833554053112228,0.007667108106224258,0.0064124904161147805,6
84,2019-06-19 00:00:00,142.62,145.55,142.62,145.05,392259.0,0.0170382835506942,0.020544103211330857,0.0,6
85,2019-06-20 00:00:00,146.51,146.62,143.72,145.33,242307.0,-0.00805405774349859,0.000750801993038111,0.019043068732509674,6
86,2019-06-21 00:00:00,144.29,144.92,142.65,144.92,1515582.0,0.004366206944348156,0.004366206944348156,0.011365999029731696,6
87,2019-06-24 00:00:00,144.92,145.79,144.08,145.3,425559.0,0.0026221363510904217,0.006003312172232988,0.005796301407673027,6
88,2019-06-25 00:00:00,145.64,146.96,145.2708,146.07,465117.0,0.0029524855808844195,0.009063444108761478,0.0025350178522382453,6
89,2019-06-26 00:00:00,146.19,146.96,144.9,145.35,496341.0,-0.0057459470552021575,0.00526711813393536,0.008824132977631795,6
90,2019-06-27 00:00:00,146.09,146.96,145.83,146.54,605152.0,0.0030802929700868547,0.005955233075501434,0.0017797248271612766,6
91,2019-06-28 00:00:00,146.64,148.88,146.145,148.88,1001204.0,0.015275504637206828,0.015275504637206828,0.003375613747954011,6
92,2019-07-01 00:00:00,149.98,151.5975,148.77,149.89,612445.0,-0.0006000800106681118,0.010784771302840425,0.008067742365648617,7
93,2019-07-02 00:00:00,149.73,151.56,149.48,150.97,490139.0,0.008281573498964865,0.012221999599278785,0.0016696720764041943,7
94,2019-07-03 00:00:00,151.54,154.09,151.375,153.05,534932.0,0.009964365844001712,0.016827240332585532,0.0010888214332848889,7
95,2019-07-05 00:00:00,152.43,152.9,151.24,152.78,272341.0,0.0022961359312470924,0.003083382536246138,0.007806862166240226,7
96,2019-07-08 00:00:00,152.34,152.34,151.35,152.07,332961.0,-0.0017723513194171604,0.0,0.006498621504529402,7
97,2019-07-09 00:00:00,151.8,152.975,151.76,152.49,429893.0,0.0045454545454545305,0.007740447957839149,0.0002635046113308331,7
98,2019-07-10 00:00:00,151.72,152.59,149.51,149.7,538175.0,-0.013313999472712959,0.005734247297653603,0.014566306353809701,7
99,2019-07-11 00:00:00,150.94,151.43,149.75,150.22,649621.0,-0.004770107327414859,0.0032463230422685114,0.007883927388366224,7
100,2019-07-12 00:00:00,150.01,150.73,147.09,147.98,716877.0,-0.013532431171255258,0.004799680021331904,0.01946536897540156,7
101,2019-07-15 00:00:00,147.91,149.67,146.77,148.73,428220.0,0.005543911838279989,0.011899127848015624,0.007707389628828249,7
102,2019-07-16 00:00:00,149.08,149.48,147.55,148.36,316863.0,-0.004829621679635087,0.002683123155352678,0.010262946069224585,7
103,2019-07-17 00:00:00,148.86,149.145,147.66,147.84,341086.0,-0.006852075775896884,0.0019145505844417343,0.00806126561870225,7
104,2019-07-18 00:00:00,147.91,148.7,147.3,147.87,651716.0,-0.0002704347238184845,0.005341085795416077,0.004124129538232609,7
105,2019-07-19 00:00:00,148.17,148.67,146.18,146.25,473079.0,-0.012958088681919333,0.003374502260916515,0.0134305189984476,7
106,2019-07-22 00:00:00,146.65,147.76,146.4,147.22,345763.0,0.003886805318786179,0.007569041936583602,0.0017047391749062393,7
107,2019-07-23 00:00:00,147.71,148.05,146.165,147.27,426575.0,-0.002978809830072424,0.0023018075959650897,0.010459684516959012,7
108,2019-07-24 00:00:00,147.11,149.15,146.38,148.36,395335.0,0.008497043029025899,0.013867174223370212,0.004962273128951248,7
109,2019-07-25 00:00:00,148.01,149.42,147.4,147.9,345717.0,-0.0007431930274980422,0.009526383352476162,0.004121343152489597,7
110,2019-07-26 00:00:00,148.1,150.14,147.69,149.44,340017.0,0.009047940580688748,0.013774476704929048,0.0027683997299121983,7
111,2019-07-29 00:00:00,149.76,150.79,149.07,150.34,257678.0,0.0038728632478633317,0.006877670940170948,0.00460737179487178,7
112,2019-07-30 00:00:00,149.26,149.775,148.58,149.52,408905.0,0.0017419268390728886,0.0034503550850865255,0.004555808656036302,7
113,2019-07-31 00:00:00,149.45,150.58,148.16,148.86,493068.0,-0.003947808631649214,0.007561057209769314,0.008631649381063849,7
114,2019-08-01 00:00:00,149.04,151.025,148.425,149.09,329999.0,0.00033548040794425236,0.013318572195383882,0.004126409017713236,8
115,2019-08-02 00:00:00,148.48,148.69,147.1055,147.89,277940.0,-0.003973599137931058,0.001414331896551778,0.00925713900862058,8
116,2019-08-05 00:00:00,145.47,146.49,143.25,144.61,364064.0,-0.005911871863614389,0.00701175500103121,0.015260878531656004,8
117,2019-08-06 00:00:00,150.7,153.67,148.55,152.32,660709.0,0.010749834107498373,0.019708029197080285,0.014266755142667401,8
118,2019-08-07 00:00:00,151.65,153.07,148.73,152.93,783916.0,0.008440487965710525,0.009363666336960022,0.01925486317177722,8
119,2019-08-08 00:00:00,153.07,154.7,152.7901,154.62,674880.0,0.010126086104396756,0.010648722806559062,0.0018285751616907155,8
120,2019-08-09 00:00:00,154.21,154.9,152.5,153.94,267128.0,-0.0017508592179496156,0.004474418001426611,0.011088775047013864,8
121,2019-08-12 00:00:00,153.33,155.5,152.94,154.26,188818.0,0.006065349246722613,0.014152481575686346,0.0025435335550773805,8
122,2019-08-13 00:00:00,153.72,156.12,153.72,155.4,336732.0,0.010928961748633925,0.015612802498048436,0.0,8
123,2019-08-14 00:00:00,153.28,154.18,151.51,151.69,246821.0,-0.010373173277661818,0.005871607515657657,0.011547494780793387,8
124,2019-08-15 00:00:00,151.86,153.29,151.21,151.97,374327.0,0.0007243513762675175,0.009416567891478851,0.0042802581324904885,8
125,2019-08-16 00:00:00,152.94,154.32,152.13,152.74,348674.0,-0.0013077023669412098,0.00902314633189483,0.005296194586112216,8
126,2019-08-19 00:00:00,154.37,154.87,153.01,153.21,341784.0,-0.007514413422297056,0.003238971302714258,0.00881000194338287,8
127,2019-08-20 00:00:00,153.45,153.785,150.97,151.09,551219.0,-0.015379602476376575,0.0021831215379602997,0.016161616161616096,8
128,2019-08-21 00:00:00,151.67,152.14,150.83,151.16,785985.0,-0.0033625634601436734,0.0030988329926814723,0.005538339816707161,8
129,2019-08-22 00:00:00,151.66,151.74,150.0,151.19,452861.0,-0.003099037320321765,0.0005274957140974055,0.01094553606751943,8
130,2019-08-23 00:00:00,150.8,151.92,148.03,148.46,368728.0,-0.015517241379310365,0.007427055702917613,0.018368700265252055,8
131,2019-08-26 00:00:00,149.32,150.4,149.02,149.62,415137.0,0.0020091079560675823,0.007232788641843106,0.002009107956067392,8
132,2019-08-27 00:00:00,150.87,153.08,150.045,153.02,728468.0,0.014250679392854813,0.014648372771260078,0.005468283953072294,8
133,2019-08-28 00:00:00,152.51,153.83,151.695,152.96,479552.0,0.0029506261884467712,0.00865517015277701,0.005343911874631157,8
134,2019-08-29 00:00:00,154.22,155.72,153.5089,155.14,307951.0,0.005965503825703459,0.009726364933212293,0.004610945402671428,8
135,2019-08-30 00:00:00,156.09,156.66,152.88,154.4,334915.0,-0.010827086937023497,0.0036517393811262297,0.020565058620026958,8
136,2019-09-03 00:00:00,153.71,154.33,150.74,152.21,351080.0,-0.009758636393207988,0.0040335697091926645,0.01932210005855181,9
137,2019-09-04 00:00:00,153.55,153.86,151.63,152.37,320328.0,-0.007684793226961945,0.0020188863562357684,0.01250407033539574,9
138,2019-09-05 00:00:00,153.89,154.45,151.93,153.5,492168.0,-0.0025342777308466203,0.003638962895574776,0.012736370134511532,9
139,2019-09-06 00:00:00,153.88,155.85,153.79,154.49,496262.0,0.003964127891863878,0.012802183519625676,0.0005848713283077945,9
140,2019-09-09 00:00:00,154.36,154.44,144.87,145.28,680194.0,-0.05882352941176478,0.000518268981601348,0.0614796579424722,9
141,2019-09-10 00:00:00,144.06,144.06,140.755,141.62,1097508.0,-0.016937387199777856,0.0,0.022941829793141792,9
142,2019-09-11 00:00:00,141.62,144.52,140.13,144.51,869262.0,0.020406722214376404,0.020477333709928016,0.010521112837169956,9
143,2019-09-12 00:00:00,145.89,148.18,145.85,147.94,491215.0,0.014051682774693342,0.015696757831242858,0.00027417917609152135,9
144,2019-09-13 00:00:00,147.94,148.22,143.67,144.12,638359.0,-0.025821278896850028,0.0018926591861565577,0.028863052588887456,9
145,2019-09-16 00:00:00,143.21,144.91,142.21,144.33,503315.0,0.007820682913204417,0.011870679421828005,0.006982752601075343,9
146,2019-09-17 00:00:00,144.13,146.79,144.13,145.5,567415.0,0.009505307708318912,0.018455560951918384,0.0,9
147,2019-09-18 00:00:00,146.24,147.79,143.36,144.44,985513.0,-0.012308533916849093,0.010599015317286535,0.01969365426695839,9
148,2019-09-19 00:00:00,144.49,147.1,144.49,145.79,435017.0,0.008997162433386274,0.018063533808567962,0.0,9
149,2019-09-20 00:00:00,146.26,148.05,146.26,146.66,1486264.0,0.002734855736359946,0.012238479420210724,0.0,9
150,2019-09-23 00:00:00,146.05,147.74,146.05,146.37,829886.0,0.002191030469017413,0.011571379664498444,0.0,9
151,2019-09-24 00:00:00,147.35,148.98,146.11,146.81,419572.0,-0.003664743807261568,0.011062097047845236,0.008415337631489519,9
152,2019-09-25 00:00:00,146.48,147.635,144.625,146.71,361627.0,0.001570180229382975,0.007885035499726934,0.01266384489350075,9
153,2019-09-26 00:00:00,146.56,147.41,144.04,145.08,448199.0,-0.0100982532751091,0.005799672489082931,0.01719432314410487,9
154,2019-09-27 00:00:00,146.22,146.22,141.28,141.78,329792.0,-0.030365203118588414,0.0,0.03378470797428531,9
155,2019-09-30 00:00:00,141.96,144.98,141.61,144.49,387734.0,0.017821921668075523,0.02127359819667499,0.0024654832347139636,9
156,2019-10-01 00:00:00,144.77,144.97,140.16,140.62,363529.0,-0.02866616011604618,0.0013815016923394946,0.03184361400842725,10
157,2019-10-02 00:00:00,139.66,139.9843,137.54,139.01,458140.0,-0.004654160103107588,0.002322067879134998,0.015179722182443109,10
158,2019-10-03 00:00:00,138.61,141.46,137.95,141.21,450796.0,0.018757665392107308,0.020561287064425324,0.004761561214919738,10
159,2019-10-04 00:00:00,142.15,143.84,141.35,142.66,352086.0,0.0035877594090748567,0.011888849806542368,0.005627857896588191,10
160,2019-10-07 00:00:00,141.72,142.44,141.22,141.91,258807.0,0.0013406717471069554,0.00508044030482641,0.003528083545018346,10
161,2019-10-08 00:00:00,140.85,140.85,137.92,138.04,255852.0,-0.019950301739439135,0.0,0.020802271920482833,10
162,2019-10-09 00:00:00,139.18,140.62,138.97,139.44,307734.0,0.001868084494898627,0.01034631412559274,0.001508837476649001,10
163,2019-10-10 00:00:00,138.83,140.24,138.79,139.7,430045.0,0.006266657062594367,0.010156306273860091,0.0002881221637975975,10
164,2019-10-11 00:00:00,141.12,141.86,140.5,140.68,332964.0,-0.00311791383219953,0.005243764172335665,0.0043934240362812115,10
165,2019-10-14 00:00:00,141.18,141.9538,139.57,140.08,173899.0,-0.007791471879869629,0.00548094630967555,0.011403881569627522,10
166,2019-10-15 00:00:00,141.49,143.185,140.8506,143.1,450369.0,0.011378896035055376,0.01197964520460805,0.004519047282493627,10
167,2019-10-16 00:00:00,142.75,143.31,141.61,142.4,502061.0,-0.0024518388791593296,0.003922942206655007,0.007985989492118994,10
168,2019-10-17 00:00:00,143.07,143.97,142.26,143.15,534781.0,0.0005591668414063921,0.006290626965820967,0.00566156426923885,10
169,2019-10-18 00:00:00,142.71,143.96,142.61,143.37,903565.0,0.00462476350641158,0.008759021792446219,0.0007007217433956577,10
170,2019-10-21 00:00:00,144.0,144.0,140.37,140.55,489172.0,-0.023958333333333255,0.0,0.0252083333333333,10
171,2019-10-22 00:00:00,141.05,141.71,136.37,136.92,741947.0,-0.029280397022332674,0.004679191775965945,0.03317972350230419,10
172,2019-10-23 00:00:00,137.61,138.25,136.96,137.85,471298.0,0.001744059298015992,0.004650824794709587,0.004723493932127066,10
173,2019-10-24 00:00:00,138.42,139.27,136.93,137.39,358920.0,-0.007441121225256475,0.00614073110822152,0.010764340413234944,10
174,2019-10-25 00:00:00,137.55,139.385,137.02,138.01,334486.0,0.0033442384587421266,0.013340603416939144,0.003853144311159586,10
175,2019-10-28 00:00:00,138.41,140.2,138.41,139.46,305242.0,0.00758615706957598,0.01293259157575314,0.0,10
176,2019-10-29 00:00:00,139.1,142.15,139.05,141.45,249297.0,0.01689432063263835,0.021926671459381823,0.0003594536304815453,10
177,2019-10-30 00:00:00,141.78,143.015,140.07,142.68,386502.0,0.006347862886161699,0.008710678516010616,0.012060939483707208,10
178,2019-10-31 00:00:00,142.13,143.43,140.77,141.57,370249.0,-0.003940054879335835,0.009146555969886803,0.009568704706958314,10
179,2019-11-01 00:00:00,142.61,143.87,141.55,142.14,317524.0,-0.003295701563705401,0.00883528504312454,0.007432858845803255,11
180,2019-11-04 00:00:00,143.03,143.47,139.43,140.53,420423.0,-0.01747885059078515,0.0030762777039781706,0.025169544850730575,11
181,2019-11-05 00:00:00,146.0,148.11,143.08,145.48,885378.0,-0.0035616438356165085,0.014452054794520641,0.019999999999999914,11
182,2019-11-06 00:00:00,145.5,146.55,144.18,145.49,502510.0,-6.872852233670725e-05,0.007216494845360903,0.009072164948453561,11
183,2019-11-07 00:00:00,146.5,147.49,144.47,145.19,492638.0,-0.008941979522184316,0.006757679180887434,0.013856655290102398,11
184,2019-11-08 00:00:00,145.14,146.79,144.74,145.84,285337.0,0.004822929585228173,0.011368334022323314,0.002755959762987304,11
185,2019-11-11 00:00:00,145.08,146.81,144.11,144.69,383909.0,-0.0026881720430108544,0.011924455472842498,0.00668596636338571,11
186,2019-11-12 00:00:00,145.18,146.4,144.76,145.6,280754.0,0.002892960462873588,0.008403361344537806,0.0028929604628737835,11
187,2019-11-13 00:00:00,145.3,146.76,144.99,145.61,270645.0,0.002133516861665535,0.010048176187198757,0.002133516861665535,11
188,2019-11-14 00:00:00,145.73,146.815,145.14,146.74,297834.0,0.006930625128662728,0.007445275509503932,0.0040485829959514405,11
189,2019-11-15 00:00:00,147.43,148.83,146.775,148.75,322736.0,0.008953401614325396,0.00949603201519369,0.004442786407108466,11
190,2019-11-18 00:00:00,148.86,149.805,148.47,149.38,400387.0,0.00349321510143747,0.006348246674727886,0.002619911326078293,11
191,2019-11-19 00:00:00,150.21,152.16,149.66,151.89,387379.0,0.011184341921310022,0.012981825444377794,0.0036615405099528083,11
192,2019-11-20 00:00:00,151.95,153.5078,151.31,151.87,638287.0,-0.000526488976636947,0.010252056597565085,0.004211911813096324,11
193,2019-11-21 00:00:00,152.36,152.556,150.15,150.83,332150.0,-0.010042005775794179,0.0012864268836964947,0.014505119453924966,11
194,2019-11-22 00:00:00,151.8,152.06,150.29,151.89,496614.0,0.0005928853754939063,0.0017127799736494787,0.009947299077733987,11
195,2019-11-25 00:00:00,151.9,152.46,151.14,151.5,289082.0,-0.002633311389071795,0.0036866359447004756,0.005003291639236467,11
196,2019-11-26 00:00:00,151.34,153.3,150.94,151.74,448006.0,0.0026430553720100812,0.012950971322849267,0.0026430553720100812,11
197,2019-11-27 00:00:00,152.24,153.14,151.47,152.68,264723.0,0.002890173410404609,0.005911718339463854,0.005057803468208159,11
198,2019-11-29 00:00:00,152.45,153.06,151.14,151.14,237220.0,-0.008592981305346031,0.004001311905542891,0.008592981305346031,11
199,2019-12-02 00:00:00,151.99,151.99,149.34,150.24,312632.0,-0.01151391538917034,0.0,0.017435357589315123,12
200,2019-12-03 00:00:00,149.74,152.395,149.45,152.08,411889.0,0.015627086950714592,0.01773073327100308,0.0019366902631228827,12
201,2019-12-04 00:00:00,152.51,154.2988,152.51,154.07,478042.0,0.010228837453281767,0.011729066946429802,0.0,12
202,2019-12-05 00:00:00,153.62,153.93,152.59,152.95,341316.0,-0.0043614112745737265,0.0020179664106236314,0.006704856138523637,12
203,2019-12-06 00:00:00,154.0,155.07,153.67,154.3,345926.0,0.0019480519480520218,0.006948051948051904,0.002142857142857224,12
204,2019-12-09 00:00:00,153.67,154.13,152.345,152.54,285958.0,-0.007353419665516988,0.0029934274744583067,0.008622372616645986,12
205,2019-12-10 00:00:00,152.94,154.02,151.78,153.94,306565.0,0.006538511834706421,0.0070615927814830165,0.007584673728259426,12
206,2019-12-11 00:00:00,154.32,155.0,153.195,153.68,443712.0,-0.004147226542249782,0.004406428201140532,0.0072900466562986,12
207,2019-12-12 00:00:00,154.18,154.4025,152.3,153.66,412576.0,-0.003372681281618953,0.001443118433000367,0.01219354001816056,12
208,2019-12-13 00:00:00,153.12,153.98,151.53,151.93,506085.0,-0.007771682340647843,0.005616509926854658,0.010384012539184974,12
209,2019-12-16 00:00:00,152.29,152.85,149.58,150.75,1262809.0,-0.010112285770569256,0.003677194825661582,0.017794996388469233,12
210,2019-12-17 00:00:00,150.61,151.8969,149.38,151.52,763107.0,0.006042095478387866,0.008544585352898043,0.008166788393865069,12
211,2019-12-18 00:00:00,152.08,152.4,148.385,149.26,757070.0,-0.018542872172540907,0.0021041557075223115,0.02429642293529735,12
212,2019-12-19 00:00:00,149.31,149.71,147.24,148.39,1202762.0,-0.0061616770477531035,0.0026789900207622105,0.013863773357444197,12
213,2019-12-20 00:00:00,149.45,151.92,148.52,149.84,15019359.0,0.002609568417531046,0.016527266644362656,0.006222816995650575,12
214,2019-12-23 00:00:00,150.1,152.86,149.6,151.48,795984.0,0.009193870752831415,0.01838774150566302,0.0033311125916055963,12
215,2019-12-24 00:00:00,151.61,152.08,150.92,152.03,137672.0,0.002770265813600603,0.003100059362838855,0.0045511509794870135,12
216,2019-12-26 00:00:00,152.18,152.84,150.6,151.35,650232.0,-0.005454067551583733,0.0043369693783676996,0.010382441845183417,12
217,2019-12-27 00:00:00,151.96,152.38,150.49,151.81,435857.0,-0.000987101868912909,0.0027638852329559586,0.009673598315346135,12
218,2019-12-30 00:00:00,152.12,152.94,151.42,151.94,602469.0,-0.0011832763607678596,0.005390481199053334,0.004601630291874948,12
219,2019-12-31 00:00:00,151.91,152.56,151.26,152.42,332800.0,0.003357251003883819,0.004278849318675569,0.004278849318675569,12
220,2020-01-02 00:00:00,152.58,153.21,150.53,151.7,626944.0,-0.005767466247214732,0.004128981517892223,0.01343557478044312,1
221,2020-01-03 00:00:00,149.43,151.5,149.2,150.63,641545.0,0.008030515960650395,0.013852640032122018,0.0015391822257914622,1
222,2020-01-06 00:00:00,150.5,152.1293,150.23,151.62,585922.0,0.007441860465116309,0.010825913621262463,0.0017940199335548853,1
223,2020-01-07 00:00:00,150.71,151.705,150.61,151.04,442171.0,0.0021896357242384983,0.006602083471567942,0.0006635259770419635,1
224,2020-01-08 00:00:00,151.6,152.01,150.42,150.95,842250.0,-0.004287598944591067,0.0027044854881266268,0.007783641160949913,1
225,2020-01-09 00:00:00,151.55,153.16,151.3,151.78,646475.0,0.001517650940283667,0.010623556581986045,0.001649620587264929,1
226,2020-01-10 00:00:00,152.39,152.5276,150.51,151.01,435778.0,-0.009055712317081145,0.0009029463875583725,0.012336767504429396,1
227,2020-01-13 00:00:00,150.88,151.82,150.33,151.54,526052.0,0.004374337221633063,0.006230116648992562,0.0036452810180274586,1
228,2020-01-14 00:00:00,151.05,152.5,150.29,152.41,522293.0,0.009003641178417643,0.009599470374048253,0.00503144654088063,1
229,2020-01-15 00:00:00,152.34,153.77,152.15,152.57,553543.0,0.0015097807535774568,0.00938689772876465,0.0012472101877379397,1
230,2020-01-16 00:00:00,153.05,154.17,152.68,154.13,401948.0,0.007056517477948278,0.0073178699771315,0.0024175106174453087,1
231,2020-01-17 00:00:00,154.23,154.4,153.01,154.13,666770.0,-0.0006483822861959043,0.0011022498865332032,0.007910263891590474,1
232,2020-01-21 00:00:00,153.96,154.75,152.89,153.81,526372.0,-0.0009742790335152356,0.005131202909846661,0.006949857105741891,1
233,2020-01-22 00:00:00,154.45,155.0,152.77,152.79,372074.0,-0.01074781482680477,0.0035610229847847937,0.010877306571705915,1
234,2020-01-23 00:00:00,152.43,152.43,151.32,151.81,401314.0,-0.004067440792494945,0.0,0.007282031096240987,1
235,2020-01-24 00:00:00,151.93,151.93,150.09,151.29,488477.0,-0.004212466267360065,0.0,0.01211084051865993,1
236,2020-01-27 00:00:00,149.51,151.38,148.921,150.11,834222.0,0.0040131094910040984,0.012507524580295663,0.003939535817002199,1
237,2020-01-28 00:00:00,150.11,151.79,150.11,151.05,455545.0,0.006262074478715593,0.011191792685363921,0.0,1
238,2020-01-29 00:00:00,151.3,152.73,150.45,151.52,518185.0,0.0014540647719761986,0.009451421017845197,0.0056179775280900375,1
239,2020-01-30 00:00:00,150.5,153.39,150.11,153.31,571143.0,0.018671096345514965,0.01920265780730888,0.0025913621262457567,1
240,2020-01-31 00:00:00,152.81,153.51,150.44,150.69,662442.0,-0.01387343760225119,0.004580852038479083,0.015509456187422319,1
241,2020-02-03 00:00:00,151.51,152.1,150.58,151.0,401452.0,-0.0033661144478911685,0.00389413240050164,0.006138208699095627,2
242,2020-02-04 00:00:00,152.68,153.38,151.56,152.21,386407.0,-0.0030783337699764137,0.004584752423369063,0.00733560387739065,2
243,2020-02-05 00:00:00,153.02,154.2,152.46,152.92,344956.0,-0.0006535093451837847,0.0077114102731667645,0.003659652333028377,2
244,2020-02-06 00:00:00,153.01,154.79,152.025,154.25,462152.0,0.008104045487223117,0.011633226586497623,0.006437487745898865,2
245,2020-02-07 00:00:00,153.86,154.46,152.01,152.87,356545.0,-0.006434420902118868,0.00389964903158712,0.012023917847393881,2
246,2020-02-10 00:00:00,152.53,155.32,151.77,153.88,595344.0,0.008850717891562278,0.018291483642562067,0.00498262636858317,2
247,2020-02-11 00:00:00,157.0,162.63,155.77,162.27,2192261.0,0.033566878980891786,0.03585987261146494,0.007834394904458534,2
248,2020-02-12 00:00:00,163.0,168.12,163.0,167.83,1116127.0,0.029631901840490874,0.031411042944785306,0.0,2
249,2020-02-13 00:00:00,166.68,167.56,164.12,167.0,794372.0,0.001919846412286976,0.005279577633789269,0.01535877129829615,2
250,2020-02-14 00:00:00,167.0,168.61,166.15,168.51,408284.0,0.009041916167664615,0.009640718562874333,0.005089820359281403,2
251,2020-02-18 00:00:00,168.11,168.39,166.99,167.93,576627.0,-0.0010707274998513283,0.0016655761108796186,0.006662304443519151,2
252,2020-02-19 00:00:00,168.2,168.78,167.4399,168.26,384863.0,0.00035671819262783757,0.00344827586206904,0.00451902497027345,2
253,2020-02-20 00:00:00,167.89,168.64,166.72,168.28,521633.0,0.0023229495503008803,0.00446721067365537,0.006968848650902302,2
254,2020-02-21 00:00:00,168.06,168.66,167.2312,167.95,561802.0,-0.0006545281447103037,0.00357015351660118,0.004931572057598483,2
255,2020-02-24 00:00:00,165.15,168.34,164.56,167.46,866845.0,0.013987284287011821,0.019315773539206767,0.003572509839539833,2
256,2020-02-25 00:00:00,167.74,168.98,163.82,164.87,1280879.0,-0.017109812805532396,0.007392392989149759,0.023369500417312603,2
257,2020-02-26 00:00:00,165.81,167.99,165.22,165.44,1091658.0,-0.0022314697545383544,0.0131475785537664,0.0035582896085881634,2
258,2020-02-27 00:00:00,163.79,168.545,162.865,163.62,1165432.0,-0.0010379144025886044,0.029031076378289247,0.00564747542585007,2
259,2020-02-28 00:00:00,160.08,162.86,155.155,158.62,1626047.0,-0.009120439780109993,0.017366316841579216,0.030765867066466834,2
260,2020-03-02 00:00:00,159.05,163.4,156.09,163.4,1095567.0,0.027349889971706974,0.027349889971706974,0.018610499842816774,3
261,2020-03-03 00:00:00,163.48,165.88,158.17,161.03,905005.0,-0.014986542696354226,0.01468069488622465,0.03248103743577198,3
262,2020-03-04 00:00:00,163.52,165.815,159.84,164.45,856201.0,0.005687377690802216,0.014034980430528298,0.022504892367906107,3
263,2020-03-05 00:00:00,161.54,162.84,155.99,158.14,939911.0,-0.021047418596013407,0.008047542404358125,0.034356815649374664,3
264,2020-03-06 00:00:00,154.51,157.42,152.26,157.03,795211.0,0.016309623972558477,0.01883373244450195,0.014562164261212868,3
265,2020-03-09 00:00:00,150.08,151.03,144.87,145.5,1061280.0,-0.030517057569296457,0.006329957356076683,0.03471481876332628,3
266,2020-03-10 00:00:00,148.49,151.09,145.15,151.09,930311.0,0.017509596605832005,0.017509596605832005,0.022493097178261184,3
267,2020-03-11 00:00:00,147.67,148.79,143.26,145.25,713431.0,-0.016387891921175513,0.007584478905668075,0.0298638856910679,3
268,2020-03-12 00:00:00,138.18,138.67,130.71,131.06,877125.0,-0.05152699377623393,0.0035460992907800017,0.054059921841076844,3
269,2020-03-13 00:00:00,136.59,137.47,127.27,136.29,907833.0,-0.0021963540522733096,0.006442638553334764,0.06823339922395495,3
270,2020-03-16 00:00:00,124.54,129.03,120.05,120.5,894599.0,-0.032439376907017876,0.03605267383973017,0.03605267383973028,3
271,2020-03-17 00:00:00,123.32,133.88,118.04,130.63,929001.0,0.05927667855984433,0.08563087901394748,0.04281543950697363,3
272,2020-03-18 00:00:00,121.27,130.88,111.74,122.78,931616.0,0.012451554382782264,0.07924466067452791,0.07858497567411563,3
273,2020-03-19 00:00:00,121.86,125.435,116.905,121.22,821282.0,-0.005251928442474976,0.029336944034137558,0.040661414738224176,3
274,2020-03-20 00:00:00,121.41,122.87,115.33,115.7,874981.0,-0.04703072234577048,0.012025368585783774,0.05007824726134584,3
275,2020-03-23 00:00:00,115.43,117.75,105.69,107.76,925024.0,-0.06644719743567531,0.020098761153946054,0.08438014381010144,3
276,2020-03-24 00:00:00,112.78,118.99,110.82,118.11,791561.0,0.04726015250931014,0.0550629544245433,0.017378967902110375,3
277,2020-03-25 00:00:00,117.3,123.3716,115.3125,117.82,795405.0,0.004433077578857596,0.05176129582267693,0.016943734015345244,3
278,2020-03-26 00:00:00,119.14,130.27,119.0,129.61,1026010.0,0.08787980527110972,0.0934195064629848,0.0011750881316098755,3
279,2020-03-27 00:00:00,125.61,133.53,123.8,129.74,1034204.0,0.032879547806703366,0.06305230475280632,0.01440968075790146,3
280,2020-03-30 00:00:00,131.21,140.4,131.14,139.99,905067.0,0.06691563143053121,0.07004039326270861,0.0005334959225670421,3
281,2020-03-31 00:00:00,139.58,142.36,137.7,139.97,1296001.0,0.0027940965754405097,0.019916893537756133,0.013468978363662586,3
282,2020-04-01 00:00:00,135.21,140.03,133.79,137.7,1052131.0,0.01841579764810281,0.03564825086901851,0.010502181791287743,4
283,2020-04-02 00:00:00,137.35,141.43,136.01,139.55,740567.0,0.01601747360757202,0.029705132872224337,0.009756097560975636,4
284,2020-04-03 00:00:00,138.47,140.94,137.565,138.72,915117.0,0.0018054452227919404,0.017837798801184364,0.006535711706506833,4
285,2020-04-06 00:00:00,143.96,149.51,142.21,148.65,985562.0,0.03257849402611835,0.03855237565990541,0.0121561544873576,4
286,2020-04-07 00:00:00,149.99,154.37,147.76,148.76,1092722.0,-0.008200546703113662,0.029201946796453066,0.014867657843856378,4
287,2020-04-08 00:00:00,149.64,150.6,146.22,149.25,832512.0,-0.002606255012028778,0.006415396952686501,0.02285485164394539,4
288,2020-04-09 00:00:00,149.15,153.73,147.86,152.69,674503.0,0.023734495474354623,0.03070734160241357,0.008649011062688516,4
289,2020-04-13 00:00:00,152.54,153.4128,145.26,149.51,742923.0,-0.019863642323325038,0.005721777894322881,0.047725186836239684,4
290,2020-04-14 00:00:00,152.27,158.53,151.25,157.16,936468.0,0.03211400801208371,0.04111118408090885,0.006698627438103436,4
291,2020-04-15 00:00:00,154.17,156.04,151.97,154.75,596879.0,0.0037620808198742463,0.012129467470973631,0.014269961730557104,4
292,2020-04-16 00:00:00,155.57,156.2285,149.46,150.33,895640.0,-0.033682586616956875,0.004232821238027921,0.039274924471299,4
293,2020-04-17 00:00:00,152.96,155.46,149.49,154.97,739528.0,0.013140690376568977,0.016344142259414225,0.022685669456066936,4
294,2020-04-20 00:00:00,153.9,160.16,153.44,157.45,902334.0,0.023066926575698393,0.040675763482780965,0.0029889538661469002,4
295,2020-04-21 00:00:00,155.02,155.385,146.41,147.78,725108.0,-0.04670365114178821,0.0023545348987226208,0.055541220487679094,4
296,2020-04-22 00:00:00,149.95,152.28,147.57,150.88,400406.0,0.006202067355785308,0.015538512837612622,0.01587195731910634,4
297,2020-04-23 00:00:00,150.42,153.07,149.035,149.45,596435.0,-0.0064486105571067605,0.0176173381199309,0.009207552187209088,4
298,2020-04-24 00:00:00,150.5,151.12,145.53,147.82,770238.0,-0.017807308970099713,0.004119601328903684,0.03302325581395348,4
299,2020-04-27 00:00:00,149.36,150.815,148.0,149.67,412477.0,0.002075522228173365,0.009741564006427316,0.009105516871987235,4
300,2020-04-28 00:00:00,150.6,151.748,146.14,146.21,527433.0,-0.029150066401062328,0.007622841965471422,0.029614873837981462,4
301,2020-04-29 00:00:00,147.25,149.21,145.61,146.86,523854.0,-0.002648556876061028,0.013310696095076454,0.011137521222410773,4
302,2020-04-30 00:00:00,145.86,146.24,141.23,142.5,785321.0,-0.023035787741670186,0.002605237899355515,0.03174276703688485,4
303,2020-05-01 00:00:00,141.23,143.04,139.7,141.4,644001.0,0.001203710259859916,0.012815973943213215,0.010833392338738238,5
304,2020-05-04 00:00:00,141.39,141.43,138.66,139.54,403973.0,-0.01308437654713908,0.0002829054388572068,0.019308296201994413,5
305,2020-05-05 00:00:00,140.72,143.72,140.53,141.66,968940.0,0.006679931779420109,0.02131893121091529,0.0013501989766912857,5
306,2020-05-06 00:00:00,142.42,142.68,139.51,140.99,585342.0,-0.010040724617328876,0.001825586294059959,0.02043252352197723,5
307,2020-05-07 00:00:00,143.39,145.42,142.68,143.86,667732.0,0.0032777739033407302,0.014157193667619788,0.004951530790152588,5
308,2020-05-08 00:00:00,146.5,148.78,145.235,148.25,647234.0,0.011945392491467578,0.015563139931740622,0.008634812286689327,5
309,2020-05-11 00:00:00,147.0,153.59,147.0,152.78,608844.0,0.039319727891156474,0.04482993197278914,0.0,5
310,2020-05-12 00:00:00,153.5,153.95,149.14,149.14,611670.0,-0.028403908794788362,0.0029315960912051375,0.028403908794788362,5
311,2020-05-13 00:00:00,148.61,150.04,145.29,147.06,694339.0,-0.010429984523248847,0.00962250185048098,0.022340353946571707,5
312,2020-05-14 00:00:00,146.4,153.55,144.1096,150.89,1136920.0,0.03066939890710369,0.04883879781420769,0.015644808743169435,5
313,2020-05-15 00:00:00,150.29,153.4958,149.88,151.32,1544167.0,0.006853416727659866,0.021330760529642764,0.0027280590857674935,5
314,2020-05-18 00:00:00,154.58,160.54,153.64,159.54,575301.0,0.032086945271056926,0.0385560874628023,0.006080993660240821,5
315,2020-05-19 00:00:00,159.22,160.575,157.54,157.65,483701.0,-0.00986057028011552,0.00851023740736082,0.010551438261524977,5
316,2020-05-20 00:00:00,159.27,159.87,157.82,158.03,501295.0,-0.007785521441577252,0.0037671877943115106,0.009104037169586344,5
317,2020-05-21 00:00:00,156.84,157.69,155.7,156.3,335826.0,-0.003442999234889008,0.0054195358326957046,0.007268553940321441,5
318,2020-05-22 00:00:00,156.62,157.81,155.12,157.48,445730.0,0.005490997318350052,0.007598007917251933,0.009577320904099093,5
319,2020-05-26 00:00:00,159.65,161.1,158.05,158.68,382220.0,-0.006075790792358276,0.009082367679298394,0.010021922956467236,5
320,2020-05-27 00:00:00,158.92,160.02,156.94,159.98,438527.0,0.0066700226529071375,0.0069217216209414975,0.012459098917694374,5
321,2020-05-28 00:00:00,161.1,164.57,160.01,162.81,434657.0,0.010614525139664854,0.021539416511483545,0.0067659838609559495,5
322,2020-05-29 00:00:00,163.53,166.39,161.14,165.89,742495.0,0.014431602764018744,0.01748914572249731,0.01461505534152764,5
323,2020-06-01 00:00:00,165.49,166.635,164.33,165.65,560368.0,0.0009668257900779297,0.006918847060245222,0.007009486978065119,6
324,2020-06-02 00:00:00,165.94,166.98,161.75,164.44,578328.0,-0.00903941183560323,0.006267325539351525,0.02525009039411834,6
325,2020-06-03 00:00:00,165.0,165.53,162.95,163.17,572359.0,-0.011090909090909167,0.003212121212121219,0.012424242424242494,6
326,2020-06-04 00:00:00,162.58,164.0,159.99,160.63,550232.0,-0.011994095214663655,0.008734161643498507,0.015930618772296734,6
327,2020-06-05 00:00:00,162.64,165.23,162.06,163.91,559943.0,0.007808657156911033,0.01592474176094444,0.00356615838662066,6
328,2020-06-08 00:00:00,162.66,165.8,162.66,165.43,554713.0,0.01702938645026442,0.019304069838927917,0.0,6
329,2020-06-09 00:00:00,164.51,165.59,161.32,161.56,488396.0,-0.01793204060543425,0.006564950458938743,0.019390918485198454,6
330,2020-06-10 00:00:00,162.06,162.06,158.96,159.64,464854.0,-0.014932740960138318,0.0,0.019128717758854708,6
331,2020-06-11 00:00:00,157.16,157.16,148.9117,149.33,560884.0,-0.04982183761771433,0.0,0.05248345635021635,6
332,2020-06-12 00:00:00,153.1,154.51,149.34,151.82,525308.0,-0.008360548661005886,0.009209666884389267,0.02455911169170471,6
333,2020-06-15 00:00:00,149.08,154.3,148.08,153.85,401100.0,0.03199624362758238,0.03501475717735443,0.006707807888382076,6
334,2020-06-16 00:00:00,157.08,157.35,154.17,154.9,429146.0,-0.013878278584160979,0.0017188693659280735,0.018525592055003978,6
335,2020-06-17 00:00:00,156.19,156.83,154.4,154.94,313962.0,-0.008003073180101159,0.004097573468211888,0.011460400793904809,6
336,2020-06-18 00:00:00,154.13,154.875,152.68,153.36,335427.0,-0.004995782780769362,0.004833582041134137,0.009407642898851546,6
337,2020-06-19 00:00:00,155.91,156.14,152.07,152.24,898607.0,-0.02353922134564805,0.0014752100570841497,0.024629593996536487,6
338,2020-06-22 00:00:00,152.0,154.377,150.395,153.17,580722.0,0.007697368421052549,0.015638157894736906,0.010559210526315721,6
339,2020-06-23 00:00:00,154.76,156.16,153.02,154.81,693266.0,0.00032308089945729755,0.009046265184802312,0.011243215301111274,6
340,2020-06-24 00:00:00,153.42,153.42,148.29,149.04,526629.0,-0.028549080954243227,0.0,0.03343762221353146,6
341,2020-06-25 00:00:00,149.32,149.32,146.12,149.15,572057.0,-0.0011384945084381697,0.0,0.02143048486471999,6
342,2020-06-26 00:00:00,149.0,150.3,147.54,148.33,1437950.0,-0.00449664429530193,0.008724832214765176,0.009798657718120858,6
343,2020-06-29 00:00:00,150.21,151.02,148.19,149.68,548051.0,-0.0035283935823180955,0.005392450569203131,0.013447839691099195,6
344,2020-06-30 00:00:00,149.45,154.275,149.45,153.44,522357.0,0.026697892271662825,0.032285045165607346,0.0,6
345,2020-07-01 00:00:00,154.7,155.2,152.465,154.28,683322.0,-0.002714932126696752,0.0032320620555914676,0.014447317388493764,7
346,2020-07-02 00:00:00,155.68,157.13,153.57,154.01,588175.0,-0.010727132579650666,0.009313977389516885,0.013553442959917866,7
347,2020-07-06 00:00:00,155.51,156.21,153.24,153.65,649423.0,-0.011960645617645073,0.0045013182431999045,0.014597132017233502,7
348,2020-07-07 00:00:00,151.96,154.02,150.83,151.78,485721.0,-0.001184522242695491,0.013556198999736787,0.007436167412476938,7
349,2020-07-08 00:00:00,152.4,152.54,149.3358,150.82,513625.0,-0.010367454068241551,0.000918635170603585,0.020106299212598423,7
350,2020-07-09 00:00:00,150.78,151.83,147.32,150.44,884786.0,-0.0022549409736039487,0.00696378830083573,0.022947340496087067,7
351,2020-07-10 00:00:00,150.53,150.81,148.91,150.51,298645.0,-0.00013286388095403064,0.0018600943333554848,0.010761974357271007,7
352,2020-07-13 00:00:00,151.62,153.88,149.83,150.16,405088.0,-0.009629336499142646,0.014905685265796009,0.011805830365387099,7
353,2020-07-14 00:00:00,150.16,153.53,149.825,153.32,461649.0,0.02104421949920083,0.022442727757059168,0.0022309536494406496,7
354,2020-07-15 00:00:00,155.82,158.41,155.13,157.59,382713.0,0.011359260685406304,0.0166217430368374,0.004428186368887163,7
355,2020-07-16 00:00:00,157.63,157.95,156.21,157.1,279818.0,-0.0033623041299245143,0.0020300704180675833,0.009008437480175014,7
356,2020-07-17 00:00:00,158.02,160.805,157.18,159.96,482252.0,0.012276926971269444,0.017624351347930618,0.005315782812302262,7
357,2020-07-20 00:00:00,159.94,160.5,156.87,157.45,287112.0,-0.015568338126797606,0.003501312992372154,0.019194698011754364,7
358,2020-07-21 00:00:00,157.51,158.5125,156.17,157.16,459400.0,-0.0022220811377055066,0.006364675258713718,0.008507396355786956,7
359,2020-07-22 00:00:00,157.08,158.05,156.22,157.84,309995.0,0.0048382989559459565,0.006175197351667932,0.005474917239623209,7
360,2020-07-23 00:00:00,158.23,159.135,156.975,158.03,361445.0,-0.0012639828098337145,0.00571952221449789,0.00793149213170698,7
361,2020-07-24 00:00:00,158.14,158.14,154.86,156.35,315870.0,-0.0113190843556342,0.0,0.020741115467307277,7
362,2020-07-27 00:00:00,156.35,158.82,156.34,157.69,445023.0,0.008570514870482913,0.015797889350815473,6.395906619757535e-05,7
363,2020-07-28 00:00:00,157.27,158.66,155.85,157.11,550082.0,-0.0010173586825204845,0.00883830355439681,0.009029058307369593,7
364,2020-07-29 00:00:00,157.8,163.34,157.8,161.73,596373.0,0.024904942965779327,0.035107731305449884,0.0,7
365,2020-07-30 00:00:00,159.08,161.46,158.13,161.13,348081.0,0.012886597938144222,0.014961025898918753,0.0059718380688962595,7
366,2020-07-31 00:00:00,160.22,160.65,157.2763,159.63,419276.0,-0.003682436649606812,0.002683809761577873,0.018372862314317857,7
367,2020-08-03 00:00:00,159.94,162.9,159.94,161.07,481398.0,0.007065149431036611,0.0185069401025385,0.0,8
368,2020-08-04 00:00:00,161.58,164.12,157.3,158.0,617460.0,-0.02215620745141733,0.01571976729793286,0.02648842678549326,8
369,2020-08-05 00:00:00,159.7,159.91,157.12,157.67,360267.0,-0.012711333750782726,0.0013149655604258483,0.016155291170945423,8
370,2020-08-06 00:00:00,157.65,157.65,154.645,155.98,428078.0,-0.010593085949889095,0.0,0.019061211544560707,8
371,2020-08-07 00:00:00,155.9,157.14,152.37,154.22,501426.0,-0.010776138550352834,0.007953816549069792,0.022642719692110333,8
372,2020-08-10 00:00:00,154.1,156.895,153.52,155.88,570959.0,0.011550940947436738,0.01813757300454261,0.0037637897469174827,8
373,2020-08-11 00:00:00,156.71,160.26,156.24,158.72,569584.0,0.012826239550762496,0.02265330865930689,0.0029991704422181026,8
374,2020-08-12 00:00:00,159.33,160.97,158.78,160.51,350153.0,0.007406012678089363,0.010293102366158201,0.003451955061821448,8
375,2020-08-13 00:00:00,159.53,160.33,158.62,159.2,246610.0,-0.0020685764433022785,0.005014730771641769,0.00570425625274241,8
376,2020-08-14 00:00:00,158.15,159.9,158.05,158.7,247645.0,0.0034777110338285355,0.011065444198545684,0.0006323110970597175,8
377,2020-08-17 00:00:00,158.7,160.6943,157.66,158.11,255639.0,-0.0037177063642090426,0.012566477630749905,0.006553245116572099,8
378,2020-08-18 00:00:00,158.71,159.62,155.88,157.75,294181.0,-0.006048768193560632,0.00573372818347928,0.017831264570600545,8
379,2020-08-19 00:00:00,157.94,157.94,156.27,156.96,369163.0,-0.00620488793212606,0.0,0.010573635557806682,8
380,2020-08-20 00:00:00,156.14,156.97,154.59,154.66,244090.0,-0.009478672985781925,0.005315742282567008,0.009926988599974273,8
381,2020-08-21 00:00:00,154.91,155.0,152.385,153.46,376854.0,-0.00936027370731385,0.0005809825059712311,0.016299786973081182,8
382,2020-08-24 00:00:00,153.84,154.87,151.87,153.12,306573.0,-0.004680187207488292,0.006695267810712436,0.012805512220488811,8
383,2020-08-25 00:00:00,154.3,155.21,153.75,154.59,304449.0,0.0018794556059623592,0.0058976020738820256,0.0035644847699287836,8
384,2020-08-26 00:00:00,153.68,154.61,151.79,154.27,328419.0,0.0038391462779802407,0.006051535658511236,0.012298282144716389,8
385,2020-08-27 00:00:00,154.27,157.71,153.8,156.93,334522.0,0.017242496920982668,0.02229856744668437,0.003046606598820243,8
386,2020-08-28 00:00:00,157.75,158.58,155.63,157.64,256798.0,-0.0006973058637084859,0.005261489698890729,0.013438985736925544,8
387,2020-08-31 00:00:00,157.84,160.4,157.6,159.64,398062.0,0.011403953370501665,0.016218955904713648,0.0015205271160669608,8
388,2020-09-01 00:00:00,158.85,160.23,157.7,158.77,375588.0,-0.0005036197670757576,0.008687440982058517,0.007239534151715491,9
389,2020-09-02 00:00:00,160.25,164.16,159.2,163.55,401582.0,0.02059282371294859,0.02439937597503898,0.0065522620904836905,9
390,2020-09-03 00:00:00,163.55,163.55,158.47,160.48,374688.0,-0.018771018037297593,0.0,0.03106083766432291,9
391,2020-09-04 00:00:00,161.69,162.15,156.965,157.92,320977.0,-0.023316222400890655,0.002844950213371315,0.02922258643082438,9
392,2020-09-08 00:00:00,157.1,159.59,155.99,159.02,616239.0,0.012221514958625182,0.015849777211966957,0.0070655633354550305,9
393,2020-09-09 00:00:00,160.14,163.74,160.14,163.02,582868.0,0.017984263769202098,0.02248032971150258,0.0,9
394,2020-09-10 00:00:00,163.6,165.32,161.2536,162.09,607539.0,-0.00922982885085569,0.01051344743276283,0.014342298288508488,9
395,2020-09-11 00:00:00,162.9,164.41,161.62,162.28,554882.0,-0.0038060159607121212,0.009269490484960043,0.007857581338244329,9
396,2020-09-14 00:00:00,163.67,167.85,163.58,167.17,448933.0,0.02138449318751146,0.025539194721085155,0.0005498869676787133,9
397,2020-09-15 00:00:00,167.17,170.71,166.97,169.64,640890.0,0.014775378357360765,0.02117604833403135,0.00119638691152712,9
398,2020-09-16 00:00:00,170.63,171.71,169.36,170.16,589894.0,-0.002754498036687563,0.006329484850260872,0.007443005333176943,9
399,2020-09-17 00:00:00,169.17,171.89,168.02,171.51,467943.0,0.013832239758822508,0.0160785009162381,0.006797895607968182,9
400,2020-09-18 00:00:00,171.93,176.06,171.25,175.91,1113519.0,0.02314895597045303,0.024021404059791748,0.003955098005002075,9
401,2020-09-21 00:00:00,173.95,173.95,168.55,172.05,748484.0,-0.01092267893072709,0.0,0.03104340327680355,9
402,2020-09-22 00:00:00,171.79,172.21,166.5,169.59,505871.0,-0.012806333313929733,0.002444845450841236,0.030793410559403878,9
403,2020-09-23 00:00:00,169.77,170.44,165.19,165.67,410297.0,-0.024150321022560067,0.003946515874418257,0.026977675678859704,9
404,2020-09-24 00:00:00,165.28,168.44,164.19,167.26,405766.0,0.011979670861568186,0.019119070667957386,0.006594869312681531,9
405,2020-09-25 00:00:00,166.14,170.67,165.76,170.21,541532.0,0.024497411821355616,0.02726616106897798,0.0022872276393402884,9
406,2020-09-28 00:00:00,172.97,175.37,172.47,172.96,452611.0,-5.7813493669369866e-05,0.013875238480661418,0.0028906746834711223,9
407,2020-09-29 00:00:00,173.47,174.73,172.18,172.82,422667.0,-0.0037470455986626256,0.007263503775868974,0.0074364443419611004,9
408,2020-09-30 00:00:00,173.0,177.75,173.0,176.19,540549.0,0.01843930635838149,0.02745664739884393,0.0,9
409,2020-10-01 00:00:00,177.11,178.755,173.215,174.47,480377.0,-0.014905990627293855,0.009288013099203782,0.021991982383829316,10
410,2020-10-02 00:00:00,172.04,174.18,171.35,172.67,495742.0,0.0036619390839339426,0.01243896768193452,0.004010695187165762,10
411,2020-10-05 00:00:00,173.43,175.02,173.19,174.72,430183.0,0.007438159487977812,0.009167964020065752,0.0013838436256703517,10
412,2020-10-06 00:00:00,176.19,184.99,176.03,181.01,701229.0,0.027356830694136972,0.049946080935353944,0.0009081105624609602,10
413,2020-10-07 00:00:00,182.68,186.02,181.3801,185.29,477201.0,0.01428727830085387,0.01828333698270201,0.007115721480183972,10
414,2020-10-08 00:00:00,187.0,187.0,185.92,186.75,310110.0,-0.001336898395721925,0.0,0.005775401069518783,10
415,2020-10-09 00:00:00,187.57,189.345,186.6,188.45,553461.0,0.004691581809457778,0.00946313376339503,0.005171402676334163,10
416,2020-10-12 00:00:00,189.2,192.97,188.435,191.82,338447.0,0.01384778012684992,0.019926004228329866,0.004043340380549611,10
417,2020-10-13 00:00:00,190.63,191.185,187.36,187.68,349598.0,-0.015475003934322974,0.0029113990452709795,0.017153648428893574,10
418,2020-10-14 00:00:00,187.92,190.82,185.61,186.58,364275.0,-0.007130693912302975,0.015432098765432131,0.012292464878671637,10
419,2020-10-15 00:00:00,185.51,188.42,184.33,187.33,315075.0,0.00981079187105828,0.01568648590372485,0.006360843081235397,10
420,2020-10-16 00:00:00,187.52,190.565,187.52,188.88,258038.0,0.007252559726962378,0.016238267918088668,0.0,10
421,2020-10-19 00:00:00,189.34,191.52,186.08,186.43,206188.0,-0.015369177141649924,0.011513679095806521,0.0172177036019858,10
422,2020-10-20 00:00:00,186.87,189.25,185.86,186.34,184923.0,-0.0028361962861882654,0.012736126719109517,0.005404826885000219,10
423,2020-10-21 00:00:00,186.23,187.56,185.66,185.95,183593.0,-0.0015035171562046994,0.00714170649197236,0.0030607313537023744,10
424,2020-10-22 00:00:00,186.59,189.58,186.115,188.19,218545.0,0.00857495042606782,0.01602443860871434,0.002545688407738862,10
425,2020-10-23 00:00:00,189.27,189.27,185.86,187.54,178389.0,-0.009140381465631205,0.0,0.018016590056532975,10
426,2020-10-26 00:00:00,185.81,186.5766,183.78,186.42,240268.0,0.00328292341639301,0.004125719821322916,0.010925138582422911,10
427,2020-10-27 00:00:00,186.83,188.01,184.84,185.35,271920.0,-0.007921639993577145,0.006315902157041044,0.010651394315688107,10
428,2020-10-28 00:00:00,182.99,182.99,178.18,178.62,305265.0,-0.02388108639816386,0.0,0.02628558937646867,10
429,2020-10-29 00:00:00,178.06,179.66,175.5,177.33,398446.0,-0.00409974166011451,0.008985735145456556,0.014377176232730552,10
430,2020-10-30 00:00:00,176.73,178.66,172.9,177.19,354247.0,0.002602840491144729,0.010920613365020126,0.0216714762632263,10
431,2020-11-02 00:00:00,178.24,182.73,177.68,181.57,581494.0,0.018682675044883214,0.025190754039497196,0.003141831238779187,11
432,2020-11-03 00:00:00,182.15,186.58,174.18,176.38,621673.0,-0.0316771891298381,0.024320614877847965,0.04375514685698599,11
433,2020-11-04 00:00:00,178.74,181.77,176.2,177.62,408524.0,-0.006266084815933784,0.016951997314535085,0.014210585207564174,11
434,2020-11-05 00:00:00,179.06,180.01,177.95,179.16,256938.0,0.0005584720205517387,0.005305484195241755,0.0061990394281247274,11
435,2020-11-06 00:00:00,179.2,182.66,179.2,181.67,379979.0,0.013783482142857137,0.01930803571428576,0.0,11
436,2020-11-09 00:00:00,190.23,195.24,190.05,190.05,684047.0,-0.0009462229932186217,0.026336539977921566,0.0009462229932186217,11
437,2020-11-10 00:00:00,190.45,190.45,184.17,189.48,393035.0,-0.005093200315043313,0.0,0.032974533998424795,11
438,2020-11-11 00:00:00,190.33,190.67,187.2775,189.18,241983.0,-0.0060421373404087935,0.0017863710397728943,0.016037934114432873,11
439,2020-11-12 00:00:00,189.06,190.09,185.69,189.02,280960.0,-0.00021157304559394922,0.005448005924045283,0.017825029091293795,11
440,2020-11-13 00:00:00,189.78,193.3,189.78,192.79,251380.0,0.015860470017915435,0.018547792180419485,0.0,11
441,2020-11-16 00:00:00,195.0,196.55,192.14,195.58,392006.0,0.0029743589743590386,0.007948717948718006,0.014666666666666736,11
442,2020-11-17 00:00:00,194.69,195.69,191.9,195.21,380909.0,0.0026709127330628705,0.005136370640505419,0.014330474087010077,11
443,2020-11-18 00:00:00,195.21,195.21,190.5386,191.94,319406.0,-0.01675119102505,0.0,0.023930126530403183,11
444,2020-11-19 00:00:00,192.51,195.38,190.72,194.73,277883.0,0.011531868474364963,0.014908316451093475,0.009298218274375316,11
445,2020-11-20 00:00:00,194.46,196.8,193.42,196.05,466056.0,0.00817648873804383,0.012033323048441857,0.005348143577085367,11
446,2020-11-23 00:00:00,196.25,196.42,188.37,189.09,449213.0,-0.036484076433121,0.0008662420382164968,0.04015286624203819,11
447,2020-11-24 00:00:00,189.42,191.85,188.2768,190.63,427973.0,0.006387921022067406,0.012828634779854329,0.006035265547460558,11
448,2020-11-25 00:00:00,191.14,191.14,188.44,189.29,237639.0,-0.00967876948833313,0.0,0.014125771685675362,11
449,2020-11-27 00:00:00,189.83,191.95,188.49,191.69,173950.0,0.009798240531001343,0.011167887056840204,0.007058947479323623,11
450,2020-11-30 00:00:00,191.69,193.82,190.365,193.81,567365.0,0.011059523188481427,0.011111690750691197,0.006912201992800817,11
451,2020-12-01 00:00:00,195.0,195.0,191.9,193.93,469612.0,-0.005487179487179452,0.0,0.015897435897435867,12
452,2020-12-02 00:00:00,192.54,194.37,191.72,192.8,275372.0,0.0013503687545446106,0.00950451854160181,0.00425885530279419,12
453,2020-12-03 00:00:00,192.1,193.08,190.57,192.69,324995.0,0.0030713170223841926,0.005101509630400927,0.007964601769911511,12
454,2020-12-04 00:00:00,192.3,194.1035,192.17,193.49,357653.0,0.006188247529901184,0.009378575143005644,0.0006760270410817674,12
455,2020-12-07 00:00:00,193.05,194.42,186.9,187.63,546310.0,-0.028075628075628155,0.007096607096606973,0.031857031857031884,12
456,2020-12-08 00:00:00,186.86,189.36,185.53,189.09,440015.0,0.011934068286417583,0.013379000321096006,0.007117628170823143,12
457,2020-12-09 00:00:00,189.64,190.09,186.94,188.25,364109.0,-0.0073296772832735,0.0023729171060958504,0.014237502636574504,12
458,2020-12-10 00:00:00,188.0,191.17,186.965,189.76,236084.0,0.009361702127659527,0.016861702127659507,0.005505319148936152,12
459,2020-12-11 00:00:00,189.49,190.11,185.99,186.22,319952.0,-0.01725684732703578,0.0032719404717927304,0.01847063169560399,12
460,2020-12-14 00:00:00,186.93,189.4,185.94,186.33,412558.0,-0.0032097576632963906,0.01321350238057026,0.005296100144439144,12
461,2020-12-15 00:00:00,187.5,190.68,186.5575,188.24,444443.0,0.0039466666666667155,0.016960000000000038,0.005026666666666643,12
462,2020-12-16 00:00:00,188.3,188.43,181.31,181.76,710641.0,-0.034731810939989484,0.0006903876792352387,0.03712161444503456,12
463,2020-12-17 00:00:00,182.4,183.735,180.59,182.64,718635.0,0.0013157894736841045,0.007319078947368465,0.0099232456140351,12
464,2020-12-18 00:00:00,182.85,185.0,181.73,184.9,1020649.0,0.011211375444353357,0.011758271807492511,0.0061252392671588985,12
465,2020-12-21 00:00:00,182.64,184.54,178.085,184.12,332919.0,0.008103372755146837,0.010402978537012735,0.02493977222952244,12
466,2020-12-22 00:00:00,183.39,184.54,181.67,182.59,429734.0,-0.004362288020066433,0.006270789028845661,0.009378919243143023,12
467,2020-12-23 00:00:00,183.14,185.12,182.35,184.16,276715.0,0.0055695096647374156,0.010811401113902034,0.00431363983837497,12
468,2020-12-24 00:00:00,184.67,186.21,184.0696,186.19,97192.0,0.008230898359235449,0.00833919965343597,0.0032512048518978675,12
469,2020-12-28 00:00:00,188.15,189.09,185.525,185.72,232254.0,-0.012915227212330623,0.004996013818761614,0.013951634334307733,12
470,2020-12-29 00:00:00,186.52,187.8,184.43,185.59,175707.0,-0.004986060476088391,0.006862534848809785,0.011205232682822235,12
471,2020-12-30 00:00:00,186.44,187.97,185.46,186.29,170139.0,-0.0008045483801759584,0.008206393477794472,0.005256382750482674,12
472,2020-12-31 00:00:00,187.27,189.7,184.89,189.54,236036.0,0.01212153575052054,0.012975917125006559,0.012708922945479916,12
473,2021-01-04 00:00:00,189.78,192.41,186.1533,188.49,490703.0,-0.006797344293392307,0.013858151543892904,0.019110022130888395,1
474,2021-01-05 00:00:00,189.54,193.22,187.46,191.82,400518.0,0.012029123140234257,0.019415426822834266,0.010973936899862742,1
475,2021-01-06 00:00:00,190.22,197.05,190.22,195.24,576203.0,0.026390495216065662,0.035905793291977774,0.0,1
476,2021-01-07 00:00:00,194.92,200.25,194.92,199.79,302774.0,0.024984609070387877,0.027344551610917367,0.0,1
477,2021-01-08 00:00:00,199.0,203.8936,199.0,202.81,312624.0,0.019145728643216092,0.024590954773869307,0.0,1
478,2021-01-11 00:00:00,201.64,203.905,199.79,200.46,360849.0,-0.0058520134893869195,0.011232890299543816,0.00917476691132709,1
479,2021-01-12 00:00:00,199.91,201.43,190.72,192.06,867997.0,-0.03926767045170324,0.007603421539692913,0.04597068680906407,1
480,2021-01-13 00:00:00,193.08,195.51,191.05,194.1,489351.0,0.005282784338098103,0.012585456805469122,0.010513776672881713,1
481,2021-01-14 00:00:00,194.71,197.78,189.45,189.84,389039.0,-0.025011555646859453,0.015767038159313816,0.027014534435827738,1
482,2021-01-15 00:00:00,189.76,189.9799,183.91,184.38,676231.0,-0.028351602023608747,0.0011588322091062161,0.030828414839797612,1
483,2021-01-19 00:00:00,186.11,188.79,181.75,188.71,792305.0,0.01397023265810539,0.014400085970662394,0.023427005534361472,1
484,2021-01-20 00:00:00,188.27,191.3,188.25,189.53,422171.0,0.0066925160673500335,0.01609390768577044,0.00010623041376751597,1
485,2021-01-21 00:00:00,188.64,190.5,187.42,188.33,598395.0,-0.0016433418150974019,0.009860050890585314,0.0064673452078032176,1
486,2021-01-22 00:00:00,187.64,189.54,187.06,188.76,405637.0,0.005968876572159479,0.010125772756341963,0.003091025367725347,1
487,2021-01-25 00:00:00,188.7,191.06,188.31,190.41,443140.0,0.009062003179650282,0.012506624271330227,0.002066772655007877,1
488,2021-01-26 00:00:00,190.41,194.1,189.65,193.18,426514.0,0.014547555275458276,0.019379234283913648,0.00399138700698488,1
489,2021-01-27 00:00:00,190.02,192.345,187.27,192.3,1117892.0,0.011998736975055263,0.012235554152194445,0.014472160825176297,1
490,2021-01-28 00:00:00,193.76,195.0,189.61,191.18,639517.0,-0.013315441783649795,0.00639966969446743,0.02141824938067701,1
491,2021-01-29 00:00:00,190.51,191.44,185.28,187.11,722315.0,-0.017846832187286638,0.004881633510052002,0.027452627158679282,1
492,2021-02-01 00:00:00,188.16,189.1,183.96,186.32,749993.0,-0.009778911564625868,0.004995748299319716,0.022321428571428513,2
493,2021-02-02 00:00:00,187.89,193.34,186.93,191.08,621331.0,0.016978019053701773,0.029006333493001316,0.005109372505189098,2
494,2021-02-03 00:00:00,189.04,189.05,176.56,182.87,1327853.0,-0.0326385950063478,5.289885738478273e-05,0.06601777401608121,2
495,2021-02-04 00:00:00,186.09,190.03,184.78,185.61,589250.0,-0.0025793970659357826,0.02117255091622332,0.007039604492449902,2
496,2021-02-05 00:00:00,185.88,187.79,182.97,183.18,445993.0,-0.014525500322788836,0.010275446524639534,0.015655261459005792,2
497,2021-02-08 00:00:00,183.1,186.07,182.42,183.85,536582.0,0.004096122337520481,0.0162206444565811,0.0037138175860186064,2
498,2021-02-09 00:00:00,184.06,185.98,182.03,182.77,264510.0,-0.007008584157339954,0.010431381071389696,0.011029012278604809,2
499,2021-02-10 00:00:00,184.31,184.9,182.69,183.3,422848.0,-0.005479897997938207,0.003201128533449099,0.008789539363029703,2
500,2021-02-11 00:00:00,184.02,184.42,181.97,182.34,547146.0,-0.009129442451907438,0.0021736767742635433,0.011140093468101355,2
501,2021-02-12 00:00:00,181.59,184.0,181.52,183.0,650960.0,0.007764744754667088,0.013271655928189859,0.0003854837821465564,2
502,2021-02-16 00:00:00,182.92,184.13,181.63,182.5,553338.0,-0.0022960857205334985,0.006614913623441986,0.007052263284495912,2
503,2021-02-17 00:00:00,182.34,185.03,181.71,185.0,990190.0,0.014588132060984953,0.014752659866184039,0.0034550839091806265,2
504,2021-02-18 00:00:00,184.06,185.12,181.81,181.86,811732.0,-0.011952624144300709,0.005758991633163111,0.01222427469303488,2
505,2021-02-19 00:00:00,182.0,182.57,178.22,178.73,456730.0,-0.017967032967033024,0.0031318681318680945,0.020769230769230776,2
506,2021-02-22 00:00:00,177.0,177.9,173.11,175.62,657377.0,-0.0077966101694915,0.005084745762711896,0.021977401129943425,2
507,2021-02-23 00:00:00,175.8,176.21,172.52,173.27,611092.0,-0.01439135381114904,0.002332195676905555,0.0186575654152446,2
508,2021-02-24 00:00:00,172.73,175.06,172.45,173.11,600340.0,0.002199965263706501,0.013489260695883822,0.0016210270364152212,2
509,2021-02-25 00:00:00,173.26,174.92,171.83,172.99,415396.0,-0.001558351610296559,0.0095809765670091,0.008253491861941466,2
510,2021-02-26 00:00:00,173.43,176.18,172.19,174.8,1104178.0,0.00789944069653465,0.015856541544138843,0.007149858732629932,2
511,2021-03-01 00:00:00,176.05,179.51,175.86,177.77,555352.0,0.00976995171826185,0.01965350752627083,0.0010792388525986806,3
512,2021-03-02 00:00:00,178.17,178.78,175.78,177.77,614703.0,-0.002245046865353187,0.003423696469663881,0.013414155020485976,3
513,2021-03-03 00:00:00,176.65,177.62,171.32,171.65,675808.0,-0.028304557033682422,0.005491084064534383,0.030172657797905532,3
514,2021-03-04 00:00:00,171.34,177.1,170.36,171.2,1438037.0,-0.0008170888292285209,0.03361736897396983,0.005719621804598983,3
515,2021-03-05 00:00:00,172.66,177.79,172.37,177.15,588574.0,0.02600486505270479,0.029711571875361956,0.0016796015290165183,3
516,2021-03-08 00:00:00,176.83,176.83,170.63,172.65,998016.0,-0.023638522875077794,0.0,0.03506192388169438,3
517,2021-03-09 00:00:00,174.64,179.71,174.345,179.03,872104.0,0.02513742556115446,0.029031149793861784,0.0016891891891891177,3
518,2021-03-10 00:00:00,180.62,180.705,178.08,179.99,567865.0,-0.0034879858265972506,0.00047060126231872416,0.014062673015169926,3
519,2021-03-11 00:00:00,180.94,182.32,179.69,181.55,642850.0,0.003371283298331014,0.007626837625732262,0.006908367414612579,3
520,2021-03-12 00:00:00,180.46,185.295,179.26,184.05,509757.0,0.019893605231076156,0.026792641028482653,0.006649673057741422,3
521,2021-03-15 00:00:00,183.97,187.17,183.16,187.06,569619.0,0.016796216774474116,0.01739414034896988,0.004402891775833029,3
522,2021-03-16 00:00:00,186.15,188.18,185.52,186.87,505622.0,0.003867848509266714,0.010905183991404787,0.003384367445608356,3
523,2021-03-17 00:00:00,186.98,187.85,185.84,187.01,451840.0,0.00016044496737619606,0.004652904053909533,0.006096908760295146,3
524,2021-03-18 00:00:00,185.87,187.6,185.41,187.0,491872.0,0.0060795179426480625,0.009307580567062946,0.0024748480120514765,3
525,2021-03-19 00:00:00,187.54,188.7,186.2,187.24,1557955.0,-0.0015996587394688224,0.006185347125946447,0.007145142369627831,3
526,2021-03-22 00:00:00,185.77,187.82,184.68,186.55,637012.0,0.00419874037788664,0.011035150993163496,0.005867470528072366,3
527,2021-03-23 00:00:00,186.8,187.0,184.75,185.81,567013.0,-0.005299785867237736,0.0010706638115631083,0.010974304068522544,3
528,2021-03-24 00:00:00,184.9,189.36,184.81,187.75,676757.0,0.015413737155219006,0.024121146565711238,0.00048674959437535647,3
529,2021-03-25 00:00:00,188.15,191.39,185.75,190.84,634101.0,0.01429710337496677,0.017220302949774013,0.012755779962795671,3
530,2021-03-26 00:00:00,191.24,193.775,190.01,193.68,585017.0,0.01275883706337585,0.013255595063794166,0.006431708847521534,3
531,2021-03-29 00:00:00,193.69,195.635,191.09,192.77,448372.0,-0.004749858020548234,0.0100418194021374,0.013423511797201686,3
532,2021-03-30 00:00:00,191.64,192.535,189.28,190.03,528185.0,-0.008401168858275857,0.004670214986432949,0.012314756835733591,3
533,2021-03-31 00:00:00,190.33,191.98,189.11,190.48,418260.0,0.0007881048704879801,0.008669153575368975,0.006409919613303203,3
534,2021-04-01 00:00:00,190.72,193.79,187.49,193.5,773748.0,0.014576342281879201,0.016096895973154328,0.016935822147650954,4
535,2021-04-05 00:00:00,194.59,198.47,194.59,195.88,754189.0,0.006629323192353112,0.01993935967932574,0.0,4
536,2021-04-06 00:00:00,195.89,197.07,194.46,194.5,642916.0,-0.007095819082137866,0.006023788861095548,0.007300015314717334,4
537,2021-04-07 00:00:00,194.63,195.43,192.44,193.79,435251.0,-0.004315881416020158,0.004110363253352574,0.011252119406052499,4
538,2021-04-08 00:00:00,195.11,198.4,193.98,198.16,727629.0,0.015632207472707615,0.016862282814822365,0.005791604735790189,4
539,2021-04-09 00:00:00,199.06,200.69,196.93,199.15,496287.0,0.0004521249874409897,0.008188485883653148,0.010700291369436328,4
540,2021-04-12 00:00:00,198.62,201.1138,198.62,200.62,411779.0,0.010069479407914611,0.012555633873728694,0.0,4
541,2021-04-13 00:00:00,200.09,203.3,199.7785,202.91,399860.0,0.014093657853965682,0.01604278074866314,0.0015567994402518627,4
542,2021-04-14 00:00:00,202.88,205.75,202.345,204.84,538204.0,0.009660883280757137,0.014146293375394345,0.0026370268138801094,4
543,2021-04-15 00:00:00,205.21,208.17,205.18,206.71,866007.0,0.0073095853028604845,0.014424248330977923,0.0001461917060572152,4
544,2021-04-16 00:00:00,207.94,208.65,205.69,208.14,1047685.0,0.0009618159084350709,0.003414446474944734,0.010820428969895162,4
545,2021-04-19 00:00:00,207.94,209.2,206.67,208.63,440160.0,0.003318264884101172,0.006059440223141247,0.006107531018563097,4
546,2021-04-20 00:00:00,208.92,211.26,207.94,209.39,826353.0,0.002249664943519045,0.011200459506031034,0.004690790733294993,4
547,2021-04-21 00:00:00,210.48,212.65,208.98,212.52,481523.0,0.0096921322690993,0.010309768148992855,0.007126567844925884,4
548,2021-04-22 00:00:00,212.21,213.5,210.17,212.38,450446.0,0.0008010932566796451,0.00607888412421654,0.009613119080156544,4
549,2021-04-23 00:00:00,212.94,215.47,210.75,214.82,620271.0,0.008828778059547269,0.011881281112050349,0.01028458720766412,4
550,2021-04-26 00:00:00,214.96,216.74,214.0,216.47,408519.0,0.0070245627093412305,0.00828061034611091,0.004465947152958727,4
551,2021-04-27 00:00:00,213.0,214.38,212.13,212.43,1404965.0,-0.002676056338028137,0.006478873239436599,0.004084507042253542,4
552,2021-04-28 00:00:00,212.08,212.385,210.63,210.88,621101.0,-0.005658242172765075,0.001438136552244334,0.006837042625424448,4
553,2021-04-29 00:00:00,211.58,213.24,210.28,212.99,943565.0,0.006664145949522623,0.007845732110785502,0.006144248038567026,4
554,2021-04-30 00:00:00,212.95,213.14,209.04,211.02,1026066.0,-0.009063160366283064,0.0008922282225874512,0.018361117633247225,4
555,2021-05-03 00:00:00,212.84,214.835,211.265,213.47,646407.0,0.002959969930464177,0.00937323811313665,0.007399924826160576,5
556,2021-05-04 00:00:00,212.8,213.62,211.17,211.98,608818.0,-0.003853383458646718,0.0038533834586465844,0.007659774436090338,5
557,2021-05-05 00:00:00,212.61,212.61,208.73,209.43,737725.0,-0.014956963454211969,0.0,0.01824937679318952,5
558,2021-05-06 00:00:00,209.06,210.31,208.08,210.31,520632.0,0.005979144743135942,0.005979144743135942,0.00468764947861853,5
559,2021-05-07 00:00:00,210.48,213.94,210.48,211.5,549546.0,0.00484606613454965,0.016438616495629076,0.0,5
560,2021-05-10 00:00:00,211.94,211.94,207.59,207.64,614937.0,-0.020288760970085928,0.0,0.020524676795319403,5
561,2021-05-11 00:00:00,206.76,206.9,203.23,204.65,632937.0,-0.010205068678661179,0.0006771135616174056,0.017072934803637075,5
562,2021-05-12 00:00:00,203.34,203.37,197.51,197.74,543447.0,-0.027540080653093314,0.00014753614635586276,0.028671191108488307,5
563,2021-05-13 00:00:00,198.71,200.06,197.69,198.99,445511.0,0.001409088621609386,0.006793820139902341,0.005133108550148509,5
564,2021-05-14 00:00:00,199.92,200.57,197.64,197.78,606192.0,-0.010704281712685006,0.0032513005202081118,0.011404561824729898,5
565,2021-05-17 00:00:00,197.42,198.94,196.26,196.57,657513.0,-0.004305541485158517,0.007699321244048274,0.005875797791510469,5
566,2021-05-18 00:00:00,196.56,197.095,194.62,195.95,672787.0,-0.0031033781033781727,0.0027218152218152045,0.009869759869759858,5
567,2021-05-19 00:00:00,194.03,194.47,188.295,189.4,1258296.0,-0.023862289336700485,0.0022676905633149396,0.02955728495593472,5
568,2021-05-20 00:00:00,189.95,192.11,189.01,189.3,847578.0,-0.003421953145564503,0.011371413529876416,0.004948670702816519,5
569,2021-05-21 00:00:00,190.66,194.54,190.12,190.53,914540.0,-0.0006818420224483135,0.020350361900765737,0.0028322668624776674,5
570,2021-05-24 00:00:00,191.84,191.84,189.29,190.0,404945.0,-0.00959132610508759,0.0,0.013292326939115988,5
571,2021-05-25 00:00:00,189.93,192.11,189.7,191.36,759299.0,0.007529089664613314,0.011477912915284614,0.0012109724635392945,5
572,2021-05-26 00:00:00,191.54,195.4,191.06,194.17,1115753.0,0.013730813407121205,0.020152448574710314,0.0025060039678395625,5
573,2021-05-27 00:00:00,193.25,194.5389,190.81,190.89,984413.0,-0.01221216041397161,0.006669598965071215,0.01262613195342819,5
574,2021-05-28 00:00:00,191.73,193.33,190.6,190.86,701830.0,-0.004537631043655016,0.00834506858603256,0.0058937046888853884,5
575,2021-06-01 00:00:00,191.97,192.14,188.1,188.43,3687755.0,-0.01844038130957958,0.0008855550346407641,0.020159399906235373,6
576,2021-06-02 00:00:00,188.23,192.39,188.1,191.18,962095.0,0.015672315783881514,0.02210062157998192,0.0006906444243744114,6
577,2021-06-03 00:00:00,190.81,193.14,189.66,189.96,946124.0,-0.004454693150254149,0.012211100047167255,0.0060269377915203905,6
578,2021-06-04 00:00:00,191.16,193.71,190.64,193.61,839499.0,0.01281648880518946,0.013339610797237975,0.002720234358652491,6
579,2021-06-07 00:00:00,194.4,195.36,192.345,193.83,907065.0,-0.0029320987654320634,0.004938271604938312,0.010570987654321023,6
580,2021-06-08 00:00:00,195.27,195.88,190.86,195.71,1052235.0,0.002253290315972744,0.0031238797562348807,0.022584114303272375,6
581,2021-06-09 00:00:00,195.91,196.545,194.64,195.54,776757.0,-0.0018886223265785543,0.003241284263182027,0.006482568526364199,6
582,2021-06-10 00:00:00,195.8,199.0,195.8,198.23,1012272.0,0.012410623084780277,0.01634320735444325,0.0,6
583,2021-06-11 00:00:00,198.82,200.12,197.65,198.53,563260.0,-0.0014586057740669553,0.006538577607886588,0.005884719847097815,6
584,2021-06-14 00:00:00,198.71,199.48,197.44,198.37,1030216.0,-0.0017110361833828362,0.0038749937094257046,0.00639122339087117,6
585,2021-06-15 00:00:00,198.98,199.42,196.72,198.22,722746.0,-0.0038194793446577092,0.0022112775153281623,0.01135792541964012,6
586,2021-06-16 00:00:00,198.43,200.815,198.075,198.84,520357.0,0.0020662198256311878,0.012019351912513182,0.001789043995363696,6
587,2021-06-17 00:00:00,198.84,201.95,198.56,200.28,538165.0,0.007242003621001799,0.015640716153691336,0.0014081673707503578,6
588,2021-06-18 00:00:00,199.6,200.385,197.54,199.12,911152.0,-0.0024048096192384257,0.003932865731462909,0.010320641282565142,6
589,2021-06-21 00:00:00,200.07,201.55,197.65,201.36,658679.0,0.006447743289848655,0.007397410906182927,0.012095766481731333,6
590,2021-06-22 00:00:00,201.99,205.3,201.36,204.5,543783.0,0.012426357740482157,0.016386949849002436,0.0031189662854596537,6
591,2021-06-23 00:00:00,204.22,206.44,203.06,205.58,528583.0,0.0066594848692587095,0.010870629713054544,0.005680148859073531,6
592,2021-06-24 00:00:00,207.27,207.27,204.09,204.13,623348.0,-0.01514932214020367,0.0,0.015342307135620238,6
593,2021-06-25 00:00:00,204.56,207.24,204.56,206.8,520483.0,0.010950332420805675,0.013101290574892486,0.0,6
594,2021-06-28 00:00:00,207.0,207.815,205.66,207.23,418010.0,0.0011111111111110617,0.003937198067632839,0.006473429951690837,6
595,2021-06-29 00:00:00,208.0,208.13,205.72,206.46,429075.0,-0.007403846153846116,0.0006249999999999781,0.010961538461538467,6
596,2021-06-30 00:00:00,206.51,207.11,204.59,206.3,538486.0,-0.0010168999079946711,0.0029054283085565968,0.009297370587380695,6
597,2021-07-01 00:00:00,206.03,209.05,206.03,208.95,415834.0,0.014172693297092595,0.014658059505897249,0.0,7
598,2021-07-02 00:00:00,209.7,210.0,207.85,209.63,345360.0,-0.00033381020505480775,0.0014306151645207981,0.008822126847877894,7
599,2021-07-06 00:00:00,208.94,210.76,207.93,210.72,585268.0,0.008519192112568207,0.008710634631951724,0.004833923614434722,7
600,2021-07-07 00:00:00,210.97,213.44,209.28,213.35,479602.0,0.01128122481869458,0.01170782575721666,0.00801061762335876,7
601,2021-07-08 00:00:00,211.75,211.95,210.1,211.3,371936.0,-0.0021251475796929807,0.0009445100354190726,0.007792207792207819,7
602,2021-07-09 00:00:00,211.71,212.95,210.28,211.24,441615.0,-0.002220017949081285,0.005857068631618632,0.00675452269614098,7
603,2021-07-12 00:00:00,210.75,211.9,210.0213,210.8,493156.0,0.00023724792408071825,0.005456702253855306,0.0034576512455516176,7
604,2021-07-13 00:00:00,210.62,211.03,208.22,208.72,303848.0,-0.009020985661380713,0.0019466337479821317,0.011394929256480892,7
605,2021-07-14 00:00:00,208.95,209.57,207.0,208.0,345983.0,-0.004546542234984392,0.002967217037568818,0.009332376166546967,7
606,2021-07-15 00:00:00,206.53,207.695,204.27,206.54,383549.0,4.8419115866900233e-05,0.005640826998498969,0.01094272018592936,7
607,2021-07-16 00:00:00,207.74,209.24,206.52,207.7,315231.0,-0.0001925483777800157,0.0072205641667468946,0.005872725522287469,7
608,2021-07-19 00:00:00,205.97,207.58,202.955,204.3,408370.0,-0.008107976889838265,0.007816672330922045,0.014638054085546373,7
609,2021-07-20 00:00:00,204.79,210.11,204.79,208.35,404583.0,0.01738366131158749,0.0259778309487769,0.0,7
610,2021-07-21 00:00:00,209.52,209.95,206.83,209.85,318130.0,0.001575028636884231,0.0020523100420006607,0.012838869797632673,7
611,2021-07-22 00:00:00,210.47,212.25,209.73,212.17,297386.0,0.008077160640471271,0.008457262317669982,0.0035159405140875615,7
612,2021-07-23 00:00:00,213.26,213.89,211.725,212.47,357276.0,-0.0037043983869454755,0.0029541404857919696,0.0071977867391915815,7
613,2021-07-26 00:00:00,211.61,213.52,209.88,211.69,258998.0,0.0003780539672037431,0.009026038466991146,0.008175417040782658,7
614,2021-07-27 00:00:00,211.68,214.97,211.305,214.86,318464.0,0.015022675736961482,0.015542328042328005,0.0017715419501133786,7
615,2021-07-28 00:00:00,214.96,215.5,213.605,214.28,436792.0,-0.0031633792333457702,0.002512095273539226,0.006303498325269902,7
616,2021-07-29 00:00:00,215.29,217.34,214.3975,216.77,423510.0,0.006874448418412458,0.009522040039017193,0.004145571090157388,7
617,2021-07-30 00:00:00,216.77,219.54,216.1,217.95,349720.0,0.005443557687871838,0.012778521013055228,0.0030908336024358346,7
618,2021-08-02 00:00:00,219.03,219.98,217.86,218.33,376932.0,-0.0031959092361776406,0.004337305391955388,0.0053417340090398,8
619,2021-08-03 00:00:00,218.43,219.34,216.41,218.94,363177.0,0.002334844114819351,0.0041660944009522345,0.009247813944970975,8
620,2021-08-04 00:00:00,218.29,219.51,216.04,216.47,360733.0,-0.008337532640065936,0.005588895505978281,0.010307389252828807,8
621,2021-08-05 00:00:00,217.06,217.26,214.18,215.53,578826.0,-0.007048742283239663,0.0009214042200312753,0.013268220768451099,8
622,2021-08-06 00:00:00,214.93,216.77,214.285,216.29,688790.0,0.006327641557716397,0.008560926813381116,0.0030009770622994006,8
623,2021-08-09 00:00:00,217.13,217.13,214.62,215.01,700298.0,-0.009763736010684865,0.0,0.011559894993782485,8
624,2021-08-10 00:00:00,217.0,225.48,214.88,217.62,755848.0,0.002857142857142878,0.03907834101382484,0.009769585253456243,8
625,2021-08-11 00:00:00,217.41,219.26,216.67,217.58,429593.0,0.0007819327537832479,0.008509268202934522,0.003403707281173861,8
626,2021-08-12 00:00:00,216.89,218.61,216.19,218.17,489231.0,0.00590160911060907,0.007930287242381057,0.00322744248236428,8
627,2021-08-13 00:00:00,218.44,220.34,217.91,218.85,294112.0,0.0018769456143563294,0.008698040651895283,0.0024262955502655243,8
628,2021-08-16 00:00:00,219.12,222.26,218.2,221.96,409666.0,0.012960934647681652,0.01433004746257752,0.004198612632347645,8
629,2021-08-17 00:00:00,221.77,226.0,221.58,225.82,540884.0,0.018262163502727975,0.01907381521396036,0.0008567434729674785,8
630,2021-08-18 00:00:00,225.3,225.67,216.16,216.28,695739.0,-0.0400355082112739,0.0016422547714157838,0.040568131380381775,8
631,2021-08-19 00:00:00,215.4,216.15,212.82,214.89,700359.0,-0.0023676880222842124,0.003481894150417827,0.011977715877437383,8
632,2021-08-20 00:00:00,214.63,215.55,212.95,214.9,621692.0,0.001257978847318689,0.004286446442715445,0.007827423938871578,8
633,2021-08-23 00:00:00,215.99,216.4,212.92,213.23,455472.0,-0.012778369368952356,0.0018982360294457917,0.014213621000972367,8
634,2021-08-24 00:00:00,212.96,215.77,212.56,213.64,299037.0,0.003193087903831604,0.013194966190833969,0.001878287002253971,8
635,2021-08-25 00:00:00,213.69,216.47,212.91,216.03,449903.0,0.010950442229397742,0.013009499742617817,0.0036501474097992473,8
636,2021-08-26 00:00:00,216.12,216.12,212.42,212.63,305683.0,-0.01614843605404409,0.0,0.017120118452711535,8
637,2021-08-27 00:00:00,213.09,216.0,212.23,213.61,368548.0,0.0024402834483082747,0.013656201604955636,0.004035853395279054,8
638,2021-08-30 00:00:00,213.86,215.8,213.23,214.62,276781.0,0.0035537267371176977,0.009071355092116326,0.0029458524268213965,8
639,2021-08-31 00:00:00,214.67,215.58,213.34,215.01,487928.0,0.001583826338100356,0.004239064610798086,0.006195555969627727,8
640,2021-09-01 00:00:00,215.48,217.58,213.87,217.19,344356.0,0.007935771301280899,0.009745684054204673,0.007471691108223433,9
641,2021-09-02 00:00:00,218.14,219.15,217.28,218.07,350112.0,-0.00032089483817728605,0.0046300540937013815,0.003942422297606974,9
642,2021-09-03 00:00:00,218.2,218.645,215.22,217.82,470486.0,-0.0017415215398716567,0.0020394133822182474,0.013657195233730476,9
643,2021-09-07 00:00:00,216.67,217.06,213.13,214.39,452468.0,-0.010522915032076436,0.0017999723081184049,0.01633821018138179,9
644,2021-09-08 00:00:00,214.57,216.86,214.41,216.77,251482.0,0.010253064268071106,0.010672507806310391,0.0007456774013142406,9
645,2021-09-09 00:00:00,217.11,217.39,212.48,213.12,404597.0,-0.018377780848417895,0.0012896688314677938,0.021325595320344636,9
646,2021-09-10 00:00:00,213.65,213.94,209.58,209.71,472506.0,-0.018441376082377708,0.0013573601684998458,0.01904984788205005,9
647,2021-09-13 00:00:00,211.38,211.7,208.3371,210.2,427671.0,-0.005582363515942884,0.0015138612924590462,0.01439540164632417,9
648,2021-09-14 00:00:00,211.64,216.36,211.34,215.94,557231.0,0.020317520317520373,0.022302022302022433,0.001417501417501337,9
649,2021-09-15 00:00:00,215.55,218.225,213.89,214.96,529601.0,-0.0027371839480399137,0.012410113662723186,0.00770122941312932,9
650,2021-09-16 00:00:00,214.93,216.31,213.0,215.42,484719.0,0.002279812031824225,0.006420695110035804,0.008979667798818251,9
651,2021-09-17 00:00:00,213.61,215.88,212.0,215.09,1639859.0,0.006928514582650576,0.010626843312578913,0.007537100323018649,9
652,2021-09-20 00:00:00,213.08,214.5339,210.7,212.52,506812.0,-0.0026281208935611143,0.006823258869907903,0.011169513797634803,9
653,2021-09-21 00:00:00,214.21,215.4,211.31,212.12,489706.0,-0.009756780729190997,0.005555296204658969,0.013538116801269809,9
654,2021-09-22 00:00:00,213.18,216.13,212.07,215.71,349669.0,0.011867905056759552,0.013838071113612856,0.005206867435969667,9
655,2021-09-23 00:00:00,216.5,221.06,216.5,220.36,520097.0,0.017829099307159417,0.021062355658198625,0.0,9
656,2021-09-24 00:00:00,220.04,220.99,219.07,220.21,286255.0,0.0007725868023996361,0.004317396836938816,0.004408289401926917,9
657,2021-09-27 00:00:00,219.42,219.71,213.26,215.02,312093.0,-0.020052866648436685,0.0013216662109197907,0.02807401330781149,9
658,2021-09-28 00:00:00,213.06,214.04,209.78,210.53,460444.0,-0.011874589317563133,0.004599643292969069,0.015394724490753783,9
659,2021-09-29 00:00:00,210.5,211.88,207.43,209.11,385638.0,-0.006603325415676895,0.006555819477434658,0.014584323040380015,9
660,2021-09-30 00:00:00,209.76,210.54,204.25,204.28,443597.0,-0.026125095347063265,0.003718535469107557,0.026268115942028943,9
661,2021-10-01 00:00:00,205.16,208.97,202.03,207.6,495271.0,0.011893156560733075,0.0185708715149152,0.015256385260284633,10
662,2021-10-04 00:00:00,206.33,208.17,203.92,206.02,573677.0,-0.0015024475355013922,0.00891775311394356,0.011680317937285052,10
663,2021-10-05 00:00:00,206.97,210.22,206.22,207.62,645793.0,0.0031405517707880646,0.015702758853940183,0.003623713581678504,10
664,2021-10-06 00:00:00,206.39,212.88,205.335,212.2,604331.0,0.028150588691312577,0.03144532196327346,0.005111681767527392,10
665,2021-10-07 00:00:00,213.94,217.93,213.32,217.33,629969.0,0.01584556417687209,0.018650088809946758,0.002898008787510538,10
666,2021-10-08 00:00:00,217.68,219.54,217.51,219.49,616310.0,0.008314957736126434,0.008544652701212721,0.0007809628812937152,10
667,2021-10-11 00:00:00,220.0,222.02,218.9,221.54,819966.0,0.006999999999999964,0.009181818181818228,0.004999999999999974,10
668,2021-10-12 00:00:00,222.27,223.9,217.43,218.21,630904.0,-0.018266072794349223,0.007333423313987472,0.021775318306564102,10
669,2021-10-13 00:00:00,217.91,221.02,217.05,220.05,485982.0,0.009820568124455118,0.01427194713413801,0.003946583451883737,10
670,2021-10-14 00:00:00,221.88,225.38,221.88,224.19,473856.0,0.010411032990805851,0.01577429241031188,0.0,10
671,2021-10-15 00:00:00,225.13,225.66,222.75,225.09,340469.0,-0.00017767512104114086,0.00235419535379559,0.010571669701949964,10
672,2021-10-18 00:00:00,224.16,224.6,221.58,223.2,309718.0,-0.0042826552462527125,0.0019628836545324668,0.011509635974303998,10
673,2021-10-19 00:00:00,224.74,229.42,224.74,227.03,356867.0,0.010189552371629402,0.020824063362107226,0.0,10
674,2021-10-20 00:00:00,227.32,229.17,223.15,226.11,739856.0,-0.0053228928382895455,0.0081383072320957,0.01834418440964274,10
675,2021-10-21 00:00:00,226.8,232.53,225.13,232.28,442930.0,0.024162257495590783,0.02526455026455022,0.0073633156966491,10
676,2021-10-22 00:00:00,231.89,235.45,231.89,235.31,361341.0,0.0147483720729657,0.015352106602268328,0.0,10
677,2021-10-25 00:00:00,235.46,237.1,234.09,235.37,395260.0,-0.0003822305274781424,0.006965089611823606,0.0058183980293893,10
678,2021-10-26 00:00:00,237.2,237.27,234.01,235.36,316879.0,-0.007757166947723335,0.0002951096121417437,0.013448566610455303,10
679,2021-10-27 00:00:00,234.96,234.96,231.18,232.11,313014.0,-0.012129724208375868,0.0,0.016087844739530135,10
680,2021-10-28 00:00:00,232.71,234.98,231.56,232.94,302403.0,0.0009883546044432544,0.009754630226462042,0.004941773022216517,10
681,2021-10-29 00:00:00,232.59,234.33,229.76,233.74,475586.0,0.004944322627800016,0.007480975106410461,0.012167333075368728,10
682,2021-11-01 00:00:00,234.85,236.41,234.27,235.78,396971.0,0.00395997445177776,0.006642537790078783,0.002469661486054861,11
683,2021-11-02 00:00:00,235.79,237.0,234.75,236.73,558328.0,0.003986598244200338,0.005131684973917503,0.004410704440391841,11
684,2021-11-03 00:00:00,236.0,236.0,222.3,222.72,856950.0,-0.056271186440677974,0.0,0.05805084745762707,11
685,2021-11-04 00:00:00,223.97,226.36,220.8638,222.24,584882.0,-0.007724248783319149,0.010671072018573983,0.013868821717194273,11
686,2021-11-05 00:00:00,221.38,226.32,221.38,224.58,340721.0,0.014454783629957616,0.022314572228746943,0.0,11
687,2021-11-08 00:00:00,225.0,230.3,224.95,230.01,312286.0,0.022266666666666626,0.023555555555555607,0.00022222222222227276,11
688,2021-11-09 00:00:00,229.32,232.28,227.86,228.99,416575.0,-0.0014390371533227982,0.012907727193441514,0.006366649223791992,11
689,2021-11-10 00:00:00,229.31,232.22,227.83,231.96,381429.0,0.011556408355501311,0.012690244646984417,0.006454145043827089,11
690,2021-11-11 00:00:00,231.75,231.99,228.7,231.52,234626.0,-0.0009924487594390066,0.0010355987055016573,0.013160733549083113,11
691,2021-11-12 00:00:00,232.42,232.42,228.42,231.55,525106.0,-0.0037432234747438956,0.0,0.0172102228723862,11
692,2021-11-15 00:00:00,231.7,233.48,230.0,232.38,356190.0,0.0029348295209322695,0.007682347863616751,0.007337073802330551,11
693,2021-11-16 00:00:00,232.95,237.35,231.95,236.28,517263.0,0.014294913071474619,0.018888173427774227,0.0042927666881305004,11
694,2021-11-17 00:00:00,236.62,236.72,230.5,231.55,635964.0,-0.02142676020623782,0.0004226185445017087,0.025864254923506063,11
695,2021-11-18 00:00:00,232.01,234.07,229.03,234.0,312057.0,0.008577216499288864,0.008878927632429647,0.012844273953708848,11
696,2021-11-19 00:00:00,235.28,235.28,232.19,233.54,1067671.0,-0.007395443726623636,0.0,0.013133287997279851,11
697,2021-11-22 00:00:00,232.17,233.83,230.5,230.96,390543.0,-0.005211698324503509,0.00714993323857529,0.007193005125554497,11
698,2021-11-23 00:00:00,229.9,230.51,227.17,228.88,327601.0,-0.004436711613745151,0.0026533275337102444,0.011874728142670805,11
699,2021-11-24 00:00:00,228.09,229.805,226.35,228.0,224941.0,-0.0003945810864132729,0.007518961813319318,0.00762856767065636,11
700,2021-11-26 00:00:00,227.88,230.27,226.75,227.31,232829.0,-0.0025013164823591066,0.01048797612778662,0.0049587502194137064,11
701,2021-11-29 00:00:00,228.92,230.34,226.47,226.69,407415.0,-0.009741394373580245,0.006203040363445815,0.01070242879608592,11
702,2021-11-30 00:00:00,225.33,226.8,217.6,218.53,1245079.0,-0.03017796121244402,0.006523765144454794,0.034305241201793006,11
703,2021-12-01 00:00:00,219.9,221.57,215.61,215.64,592842.0,-0.019372442019099677,0.007594361073215041,0.01950886766712138,12
704,2021-12-02 00:00:00,215.58,221.89,215.5,220.63,397786.0,0.023425178587995095,0.029269876611930482,0.00037109193802770433,12
705,2021-12-03 00:00:00,221.77,221.77,216.78,219.57,271185.0,-0.009920187581728895,0.0,0.022500789105830404,12
706,2021-12-06 00:00:00,220.57,226.09,220.14,225.49,525697.0,0.022305843949766587,0.025026068821689305,0.0019494944915446654,12
707,2021-12-07 00:00:00,227.72,230.93,226.5,228.32,375054.0,0.0026348146847004843,0.01409625856314776,0.005357456525557697,12
708,2021-12-08 00:00:00,228.36,231.82,227.98,230.59,299784.0,0.009765282886670125,0.015151515151515062,0.001664039236293676,12
709,2021-12-09 00:00:00,229.99,233.15,229.35,232.37,448007.0,0.010348276012000501,0.013739727814252778,0.002782729683899364,12
710,2021-12-10 00:00:00,232.82,235.44,229.02,229.79,264950.0,-0.01301434584657676,0.011253328751825465,0.016321621853792555,12
711,2021-12-13 00:00:00,229.82,230.91,227.59,230.02,413142.0,0.0008702462796972286,0.004742842224349506,0.009703246018623227,12
712,2021-12-14 00:00:00,228.08,229.8,224.81,226.83,406204.0,-0.0054805331462644685,0.0075412136092599035,0.014337074710627893,12
713,2021-12-15 00:00:00,228.13,229.4,224.97,229.06,375781.0,0.004076622978126537,0.0055670012712050595,0.013851751194494352,12
714,2021-12-16 00:00:00,230.08,232.85,229.32,230.9,543240.0,0.003563977746870624,0.012039290681502007,0.0033031988873436164,12
715,2021-12-17 00:00:00,231.49,235.945,229.83,232.54,873568.0,0.004535833081342533,0.01924489178798213,0.007170936109551154,12
716,2021-12-20 00:00:00,230.5,230.715,222.55,226.78,552823.0,-0.016138828633405634,0.000932754880694158,0.03449023861171362,12
717,2021-12-21 00:00:00,227.43,231.33,225.87,231.21,296291.0,0.016620498614958453,0.01714813349162382,0.006859253396649528,12
718,2021-12-22 00:00:00,231.81,235.15,231.24,234.84,294566.0,0.013071049566455292,0.014408351667313763,0.002458910314481658,12
719,2021-12-23 00:00:00,235.12,242.34,234.89,241.07,520684.0,0.025306226607689643,0.0307077237155495,0.000978223885675477,12
720,2021-12-27 00:00:00,242.05,245.185,241.18,244.98,264912.0,0.01210493699648824,0.012951869448461023,0.003594298698616007,12
721,2021-12-28 00:00:00,244.98,245.44,243.22,243.79,199010.0,-0.004857539390970682,0.0018777043023920645,0.0071842599395868685,12
722,2021-12-29 00:00:00,244.12,244.75,241.49,242.32,285602.0,-0.00737342290676721,0.002580698017368489,0.01077339013599867,12
723,2021-12-30 00:00:00,243.46,245.815,241.42,245.17,308521.0,0.007023741066294173,0.009673046907089419,0.008379199868561655,12
724,2021-12-31 00:00:00,244.83,245.06,242.91,243.41,212227.0,-0.005799942817465245,0.0009394273577584028,0.007842176203896645,12
725,2022-01-03 00:00:00,243.11,243.76,239.67,242.57,351635.0,-0.0022212167331661405,0.00267368680844053,0.014149973263132023,1
726,2022-01-04 00:00:00,242.88,248.295,242.61,245.16,478234.0,0.009387351778656131,0.02229496047430827,0.0011116600790513085,1
727,2022-01-05 00:00:00,244.82,245.61,238.87,238.91,553956.0,-0.024140184625439084,0.0032268605506086943,0.024303569969773665,1
728,2022-01-06 00:00:00,239.16,241.5,235.85,238.46,459880.0,-0.002926910854657922,0.009784244856999512,0.013840107041311266,1
729,2022-01-07 00:00:00,237.23,238.05,232.8,234.81,416900.0,-0.010201070690890645,0.0034565611431944597,0.018673860810184118,1
730,2022-01-10 00:00:00,233.22,233.78,227.5,231.52,476753.0,-0.007289254780893528,0.0024011662807649527,0.024526198439241913,1
731,2022-01-11 00:00:00,231.78,234.93,228.89,234.75,465914.0,0.012813875226507891,0.013590473725084156,0.012468720338251854,1
732,2022-01-12 00:00:00,235.79,243.34,235.49,241.68,717973.0,0.024979854955680968,0.03202001781246029,0.0012723185885745068,1
733,2022-01-13 00:00:00,240.53,241.99,234.59,234.85,387018.0,-0.02361451793955019,0.006069928906997081,0.024695464183261955,1
734,2022-01-14 00:00:00,233.14,235.99,232.43,234.52,424982.0,0.005919190186154345,0.012224414514883859,0.0030453804580937616,1
735,2022-01-18 00:00:00,231.43,231.96,227.74,230.38,398590.0,-0.0045370090308085005,0.0022901093203128425,0.015944346022555407,1
736,2022-01-19 00:00:00,231.07,236.21,231.07,231.86,470127.0,0.0034188773964600357,0.022244341541524278,0.0,1
737,2022-01-20 00:00:00,232.91,237.85,226.51,226.85,660084.0,-0.026018633807049944,0.021209909407067098,0.02747842514275903,1
738,2022-01-21 00:00:00,226.37,230.32,224.38,227.68,511746.0,0.005786985908026692,0.017449308653973532,0.008790917524406984,1
739,2022-01-24 00:00:00,224.49,224.96,217.12,224.29,554819.0,-0.0008909082809925477,0.0020936344603323036,0.032829970154572605,1
740,2022-01-25 00:00:00,220.96,223.2999,217.14,221.11,379676.0,0.0006788559015206629,0.010589699493120927,0.017288196958725657,1
741,2022-01-26 00:00:00,222.23,224.7,216.4,218.12,438290.0,-0.018494352697655515,0.011114610988615393,0.02623408180713668,1
742,2022-01-27 00:00:00,219.66,220.95,211.99,215.16,604159.0,-0.020486205954657197,0.0058727123736683606,0.0349175999271601,1
743,2022-01-28 00:00:00,215.36,220.03,212.28,219.85,371804.0,0.020848811292719076,0.021684621099554175,0.014301634472511201,1
744,2022-01-31 00:00:00,220.26,224.8,219.73,224.4,376216.0,0.018795968400980727,0.0206120039952784,0.0024062471624443894,1
745,2022-02-01 00:00:00,224.77,225.93,222.72,225.64,434054.0,0.003870623303821578,0.00516083107176223,0.009120434221648847,2
746,2022-02-02 00:00:00,225.5,228.82,224.27,228.65,476690.0,0.01396895787139692,0.014722838137472254,0.005454545454545409,2
747,2022-02-03 00:00:00,227.15,228.6,225.62,228.3,404173.0,0.0050627338762932236,0.006383447061413113,0.006735637244111825,2
748,2022-02-04 00:00:00,226.72,229.28,225.1,225.94,456389.0,-0.003440366972477069,0.011291460832745246,0.007145377558221615,2
749,2022-02-07 00:00:00,224.85,228.4,224.85,226.87,493873.0,0.008983766955748323,0.015788303313320044,0.0,2
750,2022-02-08 00:00:00,225.74,231.53,224.57,230.69,678143.0,0.021927881633737878,0.025648976698857056,0.005182953840701762,2
751,2022-02-09 00:00:00,235.89,244.72,234.13,237.35,849717.0,0.00618932553308749,0.03743270168298789,0.0074611047522149775,2
752,2022-02-10 00:00:00,234.43,238.59,232.15,233.21,588286.0,-0.005204112101693464,0.01774516913364329,0.009725717698246816,2
753,2022-02-11 00:00:00,233.08,234.64,228.73,229.79,476110.0,-0.014115325210228334,0.0066929809507464124,0.01866311995881252,2
754,2022-02-14 00:00:00,230.5,231.7,224.54,226.55,458977.0,-0.017136659436008627,0.005206073752711447,0.02585683297180047,2
755,2022-02-15 00:00:00,228.84,232.905,227.77,232.36,528617.0,0.015381926236671955,0.01776350288411116,0.004675755986715579,2
756,2022-02-16 00:00:00,230.9,233.94,227.12,232.99,538455.0,0.009051537462104822,0.013165872672152412,0.016370723256821137,2
757,2022-02-17 00:00:00,230.87,230.935,225.56,226.7,625315.0,-0.018062112877376947,0.00028154372590634435,0.02299995668558064,2
758,2022-02-18 00:00:00,226.12,227.95,224.24,226.03,432182.0,-0.0003980187511056227,0.008093047939147285,0.008314169467539339,2
759,2022-02-22 00:00:00,225.54,231.0,224.9,229.37,623491.0,0.016981466702137148,0.024208566108007486,0.0028376341225502632,2
760,2022-02-23 00:00:00,229.97,231.01,224.415,224.95,338701.0,-0.02182893420880989,0.004522328999434675,0.024155324607557538,2
761,2022-02-24 00:00:00,221.43,229.75,219.58,229.21,470363.0,0.03513525719188909,0.03757395113579909,0.008354784807839924,2
762,2022-02-25 00:00:00,229.5,237.76,228.62,237.32,380273.0,0.03407407407407404,0.03599128540305007,0.0038344226579520497,2
763,2022-02-28 00:00:00,234.99,240.59,233.47,240.0,826827.0,0.02132005617260305,0.023830801310694046,0.006468360355759863,2
764,2022-03-01 00:00:00,237.4,241.73,235.585,237.26,544217.0,-0.0005897219882056224,0.01823925863521476,0.0076453243470935035,3
765,2022-03-02 00:00:00,239.31,243.05,236.82,242.17,359788.0,0.011951025866031445,0.01562826459404124,0.010404914128118378,3
766,2022-03-03 00:00:00,243.59,246.18,241.85,244.06,368112.0,0.0019294716531877288,0.010632620386715396,0.007143150375631221,3
767,2022-03-04 00:00:00,241.14,245.55,236.89,245.18,441137.0,0.016753753006552297,0.018288131375964276,0.017624616405407648,3
768,2022-03-07 00:00:00,244.41,245.135,237.42,238.67,657226.0,-0.02348512744977705,0.002966327073360314,0.028599484472812117,3
769,2022-03-08 00:00:00,237.8,238.25,224.97,225.1,780536.0,-0.053406223717409655,0.0018923465096719453,0.053952901597981544,3
770,2022-03-09 00:00:00,228.63,231.03,226.02,228.65,726042.0,8.747758386917828e-05,0.010497310064296049,0.011415824694921861,3
771,2022-03-10 00:00:00,225.06,226.67,220.91,222.0,833660.0,-0.013596374300186627,0.007153647916111194,0.01843952723718122,3
772,2022-03-11 00:00:00,223.92,226.02,218.58,218.76,501177.0,-0.023043944265809205,0.009378349410503854,0.023847802786709428,3
773,2022-03-14 00:00:00,221.47,224.1,216.95,217.49,679847.0,-0.01797083126382801,0.011875197543685354,0.020409084751885177,3
774,2022-03-15 00:00:00,220.59,222.71,217.971,222.24,480289.0,0.007479940160478741,0.009610589781948432,0.011872705018359853,3
775,2022-03-16 00:00:00,223.97,227.41,222.49,227.04,518761.0,0.013707192927624205,0.015359199892842781,0.006608027860874178,3
776,2022-03-17 00:00:00,225.36,232.18,225.36,232.01,357024.0,0.029508342208022616,0.030262690805821765,0.0,3
777,2022-03-18 00:00:00,231.35,235.17,229.705,234.71,741683.0,0.014523449319213372,0.016511778690296058,0.007110438729198106,3
778,2022-03-21 00:00:00,234.01,236.51,232.055,233.94,351784.0,-0.0002991325157044279,0.010683304132302038,0.008354343831460127,3
779,2022-03-22 00:00:00,234.22,236.61,232.83,235.38,327852.0,0.004952608658526157,0.010204081632653125,0.005934591409785614,3
780,2022-03-23 00:00:00,234.79,234.79,229.83,230.06,395652.0,-0.020145662081008518,0.0,0.021125260871416925,3
781,2022-03-24 00:00:00,231.14,232.41,229.69,232.37,216719.0,0.005321450203340046,0.005494505494505539,0.0062732543047503185,3
782,2022-03-25 00:00:00,233.82,238.4,232.85,238.22,311123.0,0.018817894106577734,0.019587717047301396,0.004148490291677354,3
783,2022-03-28 00:00:00,238.58,243.67,238.58,243.49,446476.0,0.02058009891860171,0.021334562830077855,0.0,3
784,2022-03-29 00:00:00,246.0,247.27,243.28,247.18,399772.0,0.004796747967479703,0.0051626016260163015,0.011056910569105686,3
785,2022-03-30 00:00:00,247.12,248.09,244.53,245.89,316546.0,-0.004977338944642353,0.0039252185173195165,0.01048073810294595,3
786,2022-03-31 00:00:00,244.4,247.0,241.62,241.77,579168.0,-0.010761047463175103,0.010638297872340403,0.011374795417348614,3
787,2022-04-01 00:00:00,242.3,249.06,240.905,248.0,462528.0,0.023524556335121703,0.027899298390425053,0.005757325629385102,4
788,2022-04-04 00:00:00,247.32,247.835,241.02,246.25,470751.0,-0.004326378780527225,0.0020823224971697188,0.025473071324599642,4
789,2022-04-05 00:00:00,245.25,249.47,244.56,245.7,361755.0,0.0018348623853210546,0.017206931702344542,0.0028134556574923456,4
790,2022-04-06 00:00:00,244.68,249.64,244.19,248.85,386148.0,0.01704266797449725,0.02027137485695594,0.0020026156612719024,4
791,2022-04-07 00:00:00,248.57,250.34,247.07,248.44,628720.0,-0.0005229915114454498,0.007120730578911414,0.006034517439755401,4
792,2022-04-08 00:00:00,248.25,250.885,245.94,249.12,480318.0,0.003504531722054399,0.010614300100704898,0.009305135951661641,4
793,2022-04-11 00:00:00,248.13,249.09,244.34,247.23,417538.0,-0.003627130939426936,0.003868939668722073,0.015274251400475525,4
794,2022-04-12 00:00:00,247.22,251.69,245.72,246.52,386092.0,-0.002831486125717938,0.018081061402799123,0.00606747026939568,4
795,2022-04-13 00:00:00,246.28,250.66,245.6,249.35,285651.0,0.012465486438200394,0.017784635374370618,0.002761084943966245,4
796,2022-04-14 00:00:00,250.43,251.17,243.99,244.46,533273.0,-0.0238389969252885,0.0029549175418279784,0.02571576887753064,4
797,2022-04-18 00:00:00,244.58,245.155,240.99,241.9,320612.0,-0.010957559898601713,0.002350969008095464,0.01467822389402242,4
798,2022-04-19 00:00:00,243.46,248.5,242.665,247.35,343222.0,0.01597798406309039,0.0207015526164462,0.003265423478189501,4
799,2022-04-20 00:00:00,248.81,255.9325,248.81,252.92,389382.0,0.01651862867248095,0.028626261002371298,0.0,4
800,2022-04-21 00:00:00,254.26,255.47,247.32,247.91,469910.0,-0.02497443561708485,0.004758908204200456,0.027294894989380942,4
801,2022-04-22 00:00:00,245.0,245.18,233.09,233.45,509055.0,-0.04714285714285719,0.0007346938775510482,0.04861224489795917,4
802,2022-04-25 00:00:00,232.11,238.905,229.33,238.16,483520.0,0.026065227693765812,0.029274912756882456,0.011977079832837884,4
803,2022-04-26 00:00:00,235.84,237.05,233.3,233.46,243203.0,-0.010091587516960631,0.005130597014925407,0.010770013568520998,4
804,2022-04-27 00:00:00,233.84,235.81,230.68,231.32,385818.0,-0.010776599384194365,0.008424563804310635,0.013513513513513499,4
805,2022-04-28 00:00:00,232.47,233.56,229.71,231.73,324602.0,-0.0031832064352389946,0.004688777046500638,0.011872499677377687,4
806,2022-04-29 00:00:00,229.64,230.095,223.25,224.05,513319.0,-0.024342449050687925,0.0019813621320328013,0.02782616268942687,4
807,2022-05-02 00:00:00,225.3,226.56,219.43,224.06,610622.0,-0.005503772747447887,0.005592543275632449,0.026054150022192652,5
808,2022-05-03 00:00:00,224.84,227.34,223.65,226.08,424758.0,0.005515032912293227,0.011119017968333037,0.0052926525529265155,5
809,2022-05-04 00:00:00,225.95,233.38,222.89,232.34,287212.0,0.028280593051560148,0.03288338127904407,0.013542819207789344,5
810,2022-05-05 00:00:00,230.82,231.57,224.75,226.97,428472.0,-0.016679663807295703,0.003249285157265402,0.026297547872801287,5
811,2022-05-06 00:00:00,225.0,226.535,221.3401,224.71,555229.0,-0.0012888888888888536,0.006822222222222207,0.016266222222222192,5
812,2022-05-09 00:00:00,221.27,222.5,212.33,213.16,803934.0,-0.03665205405161121,0.005558819541736293,0.0404031274009129,5
813,2022-05-10 00:00:00,215.12,216.61,210.1529,215.37,637636.0,0.0011621420602454444,0.006926366679062891,0.02308990330978066,5
814,2022-05-11 00:00:00,214.72,219.11,211.87,212.57,672115.0,-0.0100130402384501,0.020445230998509756,0.013273099850968677,5
815,2022-05-12 00:00:00,213.16,222.87,209.06,218.39,655859.0,0.024535560142615827,0.04555263651717024,0.01923437793206978,5
816,2022-05-13 00:00:00,220.24,223.42,215.5,216.18,570276.0,-0.018434435161641855,0.014438794042862234,0.021521976026153328,5
817,2022-05-16 00:00:00,216.18,218.45,214.13,217.94,382991.0,0.008141363678416093,0.010500508835229816,0.009482838375427936,5
818,2022-05-17 00:00:00,220.14,221.64,217.4,221.63,380493.0,0.006768420096302395,0.006813845734532571,0.012446624875079408,5
819,2022-05-18 00:00:00,219.45,220.62,218.47,219.11,407556.0,-0.001549327865117225,0.005331510594668562,0.004465709728867577,5
820,2022-05-19 00:00:00,218.17,223.92,218.13,223.4,505827.0,0.023972131823807207,0.026355594261355825,0.00018334326442678666,5
821,2022-05-20 00:00:00,225.69,226.66,221.145,225.94,578665.0,0.0011077141211396162,0.004297930790021706,0.020138242722318168,5
822,2022-05-23 00:00:00,229.19,229.595,223.65,227.54,388933.0,-0.007199266983725318,0.0017670928050962133,0.024172084296871555,5
823,2022-05-24 00:00:00,227.12,228.83,224.0,228.57,333037.0,0.006384290243043275,0.007529059528002853,0.013737231419513933,5
824,2022-05-25 00:00:00,228.24,230.25,226.45,228.42,364890.0,0.0007886435331229337,0.00880651945320711,0.007842621801612427,5
825,2022-05-26 00:00:00,230.07,231.17,228.89,230.71,289286.0,0.002781762072412808,0.004781153561959379,0.0051288738210110265,5
826,2022-05-27 00:00:00,232.24,236.1,231.64,235.0,253377.0,0.011884257664484976,0.01662073716844637,0.0025835342748881445,5
827,2022-05-31 00:00:00,232.51,234.26,228.03,228.2,864678.0,-0.018536837125284946,0.007526557997505484,0.019267988473613995,5
828,2022-06-01 00:00:00,228.19,229.06,218.69,221.46,664519.0,-0.029492966387659362,0.0038126122967702555,0.041631973355537054,6
829,2022-06-02 00:00:00,221.9,227.47,217.67,227.32,342512.0,0.02442541685443888,0.025101397025687214,0.019062640829202424,6
830,2022-06-03 00:00:00,225.34,225.84,219.775,220.47,503891.0,-0.021611786633531572,0.002218869264222952,0.024696014910801443,6
831,2022-06-06 00:00:00,221.65,224.02,219.021,221.9,324735.0,0.0011279043537108053,0.010692533273178454,0.011861042183622914,6
832,2022-06-07 00:00:00,220.53,227.21,220.1112,227.16,522144.0,0.030063936879336124,0.030290663401804772,0.0018990613521970004,6
833,2022-06-08 00:00:00,225.98,229.976,225.87,227.86,869251.0,0.008319320293831419,0.01768298079476064,0.0004867687405964476,6
834,2022-06-09 00:00:00,225.3,226.86,221.45,221.59,496298.0,-0.016466932978251254,0.00692410119840214,0.01708832667554382,6
835,2022-06-10 00:00:00,218.09,224.215,216.09,220.89,470393.0,0.012838736301526814,0.028084735659590077,0.009170525929662067,6
836,2022-06-13 00:00:00,215.26,217.0,210.05,211.23,478690.0,-0.018721546037350188,0.008083248165009799,0.024203289045804977,6
837,2022-06-14 00:00:00,211.36,211.45,200.97,203.67,781773.0,-0.03638342165026507,0.000425813777441214,0.04915783497350499,6
838,2022-06-15 00:00:00,205.31,206.53,197.63,202.28,736078.0,-0.014758170571331164,0.005942233695387458,0.0374068481807998,6
839,2022-06-16 00:00:00,198.12,198.78,193.19,195.07,592992.0,-0.015394710276600098,0.0033313143549363847,0.024883908742176494,6
840,2022-06-17 00:00:00,195.24,198.12,192.4003,192.78,972113.0,-0.012599877074370045,0.014751075599262422,0.014544662978897878,6
841,2022-06-21 00:00:00,195.64,197.99,192.99,195.18,486713.0,-0.002351257411572171,0.01201185851564109,0.013545287262318429,6
842,2022-06-22 00:00:00,193.3,201.86,193.3,200.84,563678.0,0.03900672529746504,0.04428349715468185,0.0,6
843,2022-06-23 00:00:00,201.95,205.28,199.98,202.44,520570.0,0.002426343154246146,0.016489230007427642,0.00975488982421391,6
844,2022-06-24 00:00:00,204.41,207.99,203.11,207.89,790429.0,0.017024607406682598,0.01751382026319658,0.006359767134680216,6
845,2022-06-27 00:00:00,208.03,209.38,206.17,207.8,287014.0,-0.0011056097678218996,0.0064894486372157585,0.00894101812238626,6
846,2022-06-28 00:00:00,208.98,209.62,203.91,204.55,394451.0,-0.02119820078476399,0.0030624940185664407,0.02426069480333043,6
847,2022-06-29 00:00:00,205.73,208.63,204.01,208.33,363069.0,0.012637923491955586,0.014096145433334982,0.008360472463909002,6
848,2022-06-30 00:00:00,206.3,209.0,204.3912,206.15,482282.0,-0.000727096461463915,0.01308773630634992,0.009252544837615189,6
849,2022-07-01 00:00:00,206.87,211.835,205.1,210.96,371974.0,0.019770870595059716,0.024000580074442904,0.008556098032580898,7
850,2022-07-05 00:00:00,208.28,208.94,203.63,208.73,445148.0,0.0021605531015939533,0.0031688112156711954,0.02232571538313811,7
851,2022-07-06 00:00:00,208.82,211.58,207.42,210.39,659208.0,0.007518436931328384,0.013217124796475526,0.0067043386648788705,7
852,2022-07-07 00:00:00,210.56,211.515,206.97,207.2,473189.0,-0.015957446808510703,0.004535524316109347,0.01704977203647418,7
853,2022-07-08 00:00:00,207.28,210.51,207.28,209.4,419333.0,0.010227711308375166,0.01558278656889227,0.0,7
854,2022-07-11 00:00:00,206.95,210.31,206.95,209.09,462660.0,0.010340661995651196,0.01623580575018127,0.0,7
855,2022-07-12 00:00:00,208.53,212.36,206.63,207.94,692368.0,-0.002829329113317045,0.018366661871193655,0.009111398839495544,7
856,2022-07-13 00:00:00,205.02,207.677,204.6401,205.42,362300.0,0.0019510291678859488,0.012959711247683066,0.0018529899521998855,7
857,2022-07-14 00:00:00,205.06,207.25,203.17,206.79,458656.0,0.00843655515458885,0.010679801033843741,0.00921681459085153,7
858,2022-07-15 00:00:00,210.01,210.77,208.0,209.26,363354.0,-0.0035712585114994525,0.003618875291652871,0.00957097281081849,7
859,2022-07-18 00:00:00,209.34,210.888,207.24,207.93,434283.0,-0.006735454284895369,0.007394668959587283,0.010031527658354801,7
860,2022-07-19 00:00:00,210.07,213.22,210.05,212.97,497800.0,0.013804922168800903,0.014995001666111323,9.520635978474703e-05,7
861,2022-07-20 00:00:00,213.0,215.16,211.57,213.43,260515.0,0.0020187793427230366,0.01014084507042252,0.0067136150234742105,7
862,2022-07-21 00:00:00,214.52,219.81,213.11,219.71,390593.0,0.024193548387096763,0.0246597053887749,0.006572813723662113,7
863,2022-07-22 00:00:00,220.94,223.425,216.57,217.53,273353.0,-0.015434054494432862,0.01124739748347974,0.019779125554449193,7
864,2022-07-25 00:00:00,217.94,218.33,216.47,218.07,186712.0,0.0005964944480131937,0.0017894833440397118,0.006744975681380191,7
865,2022-07-26 00:00:00,217.94,219.86,216.415,219.46,270253.0,0.006974396622923787,0.008809764155272166,0.006997338717078121,7
866,2022-07-27 00:00:00,221.13,222.85,219.46,221.53,454208.0,0.0018088906977796124,0.007778230000452218,0.007552118663229718,7
867,2022-07-28 00:00:00,222.22,226.12,220.31,225.11,452255.0,0.01300513005130058,0.017550175501755045,0.008595085950859494,7
868,2022-07-29 00:00:00,225.18,227.0,223.92,225.65,472904.0,0.0020872191135980055,0.008082422950528436,0.005595523581135178,7
869,2022-08-01 00:00:00,223.83,224.97,221.49,222.51,432523.0,-0.005897332797212266,0.005093151052137722,0.010454362685967044,8
870,2022-08-02 00:00:00,222.38,227.36,221.12,224.44,482030.0,0.009263422969691529,0.02239410018886599,0.005665977156219044,8
871,2022-08-03 00:00:00,217.5,218.245,200.53,203.0,1324692.0,-0.06666666666666667,0.00342528735632186,0.07802298850574713,8
872,2022-08-04 00:00:00,201.84,208.42,200.35,207.99,981251.0,0.030469678953626664,0.032600079270709396,0.0073820848196591805,8
873,2022-08-05 00:00:00,206.9,212.05,205.89,211.98,710713.0,0.02455292411793129,0.02489125181246982,0.0048815853069116445,8
874,2022-08-08 00:00:00,213.42,214.02,211.51,213.42,727742.0,0.0,0.0028113578858589765,0.008949489269984054,8
875,2022-08-09 00:00:00,214.29,215.07,208.31,208.96,621824.0,-0.024872835876615727,0.0036399272014559763,0.02790610854449573,8
876,2022-08-10 00:00:00,212.51,212.6,209.6,210.26,358467.0,-0.010587737047668345,0.0004235094819067499,0.013693473248317711,8
877,2022-08-11 00:00:00,212.11,214.13,210.02,210.21,246066.0,-0.008957616331148959,0.009523360520484568,0.00985337796426384,8
878,2022-08-12 00:00:00,210.74,214.1,210.16,213.9,269549.0,0.014994780297997517,0.015943817025718825,0.0027522065103920113,8
879,2022-08-15 00:00:00,212.42,214.65,211.79,213.96,185015.0,0.007249788155541006,0.010498069861595039,0.0029658224272667145,8
880,2022-08-16 00:00:00,212.51,214.7,210.7,212.47,283648.0,-0.00018822643640295535,0.010305397393063846,0.008517246247235436,8
881,2022-08-17 00:00:00,210.88,212.2,210.025,211.63,267039.0,0.003556525037936267,0.006259484066767798,0.004054438543247296,8
882,2022-08-18 00:00:00,212.91,213.17,210.58,212.82,315431.0,-0.0004227138227420197,0.001221173265699079,0.010943591188765131,8
883,2022-08-19 00:00:00,211.49,211.965,209.58,209.89,397312.0,-0.00756536952101765,0.002245969076552056,0.009031159865714674,8
884,2022-08-22 00:00:00,207.49,208.65,204.58,205.44,392184.0,-0.009879994216588806,0.005590630873777033,0.014024772278182064,8
885,2022-08-23 00:00:00,205.07,205.16,201.32,202.79,237325.0,-0.011118154776417814,0.00043887453064808804,0.018286438777002974,8
886,2022-08-24 00:00:00,203.31,206.155,202.45,205.53,304171.0,0.01091928581968422,0.013993409079730455,0.004229993605823686,8
887,2022-08-25 00:00:00,206.99,210.28,205.75,210.15,332396.0,0.015266437992173518,0.015894487656408482,0.005990627566549152,8
888,2022-08-26 00:00:00,210.28,210.28,200.89,200.99,318880.0,-0.04417918965189268,0.0,0.044654746052881944,8
889,2022-08-29 00:00:00,199.19,200.12,196.16,198.52,727251.0,-0.003363622671820812,0.004668909081781248,0.01521160700838396,8
890,2022-08-30 00:00:00,198.61,199.19,196.385,198.5,357536.0,-0.000553849252303578,0.002920296057600242,0.011202859876139282,8
891,2022-08-31 00:00:00,199.8,203.23,199.8,201.38,868351.0,0.007907907907907828,0.01716716716716706,0.0,8
892,2022-09-01 00:00:00,200.04,201.01,198.55,200.22,571349.0,0.0008998200359928356,0.004849030193961202,0.007448510297940316,9
893,2022-09-02 00:00:00,201.98,203.67,197.855,199.17,343293.0,-0.013912268541439758,0.008367165065848094,0.020422814140013863,9
894,2022-09-06 00:00:00,199.0,200.2,196.19,197.39,400584.0,-0.008090452261306601,0.006030150753768787,0.014120603015075388,9
895,2022-09-07 00:00:00,197.63,204.19,197.51,203.93,412750.0,0.0318777513535395,0.03319334109193949,0.0006071952638769648,9
896,2022-09-08 00:00:00,201.88,205.87,201.69,204.83,457293.0,0.014612641172974129,0.01976421636615816,0.0009411531602932323,9
897,2022-09-09 00:00:00,205.36,210.985,205.36,210.3,555762.0,0.024055317491234893,0.027390923256719903,0.0,9
898,2022-09-12 00:00:00,211.04,213.66,210.25,212.0,768976.0,0.0045489006823351405,0.012414708112206239,0.0037433661865048902,9
899,2022-09-13 00:00:00,208.81,210.52,205.09,205.31,504904.0,-0.016761649346295676,0.008189262966333068,0.017815238733777113,9
900,2022-09-14 00:00:00,205.41,205.655,202.1901,203.65,498615.0,-0.008568229394868754,0.0011927364782630084,0.015675478311669322,9
901,2022-09-15 00:00:00,203.36,205.17,199.04,199.36,554471.0,-0.01966955153422502,0.008900472069236692,0.021243115656963126,9
902,2022-09-16 00:00:00,197.02,197.87,193.68,193.72,1409029.0,-0.016749568571718665,0.004314282813927491,0.016952593645315213,9
903,2022-09-19 00:00:00,191.95,193.0943,187.97,190.2,829200.0,-0.009116957541026309,0.005961448293826598,0.020734566293305497,9
904,2022-09-20 00:00:00,187.96,187.96,181.32,183.11,901453.0,-0.025803362417535614,0.0,0.03532666524792517,9
905,2022-09-21 00:00:00,183.57,184.19,177.54,177.64,809857.0,-0.03230375333660188,0.0033774581903361365,0.0328485046576238,9
906,2022-09-22 00:00:00,176.87,178.225,175.68,176.76,892525.0,-0.0006219257081473039,0.007660993950358963,0.006728105388138167,9
907,2022-09-23 00:00:00,172.43,172.82,162.19,167.29,2465836.0,-0.029809197935394157,0.002261787391985074,0.05938641767673844,9
908,2022-09-26 00:00:00,167.13,167.765,161.26,164.1,1031270.0,-0.018129599712798428,0.003799437563573212,0.03512235983964581,9
909,2022-09-27 00:00:00,165.9,165.9,160.08,160.72,952418.0,-0.03122362869198316,0.0,0.03508137432188061,9
910,2022-09-28 00:00:00,162.45,164.21,160.39,162.8,636524.0,0.0021545090797169763,0.010834102800861924,0.012680824869190536,9
911,2022-09-29 00:00:00,161.6,167.48,161.02,167.11,1087226.0,0.03409653465346547,0.036386138613861356,0.003589108910890991,9
912,2022-09-30 00:00:00,167.94,170.55,165.26,166.28,1285634.0,-0.009884482553292823,0.015541264737406298,0.01595808026676198,9
913,2022-10-03 00:00:00,168.8,172.36,167.29,170.07,548689.0,0.007523696682464347,0.021090047393364942,0.008945497630331867,10
914,2022-10-04 00:00:00,172.2,176.13,172.045,175.83,710233.0,0.02108013937282244,0.022822299651567984,0.0009001161440185897,10
915,2022-10-05 00:00:00,173.02,175.49,170.01,173.04,743976.0,0.00011559357299723621,0.014275806265171649,0.017396832736099984,10
916,2022-10-06 00:00:00,173.03,173.8,171.31,172.74,949673.0,-0.0016760099404727045,0.004450095359186328,0.0099404727503901,10
917,2022-10-07 00:00:00,172.0,172.28,169.52,170.19,831475.0,-0.010523255813953502,0.0016279069767441926,0.014418604651162731,10
918,2022-10-10 00:00:00,171.38,171.38,166.93,168.56,463661.0,-0.016454662154277006,0.0,0.025965690278912292,10
919,2022-10-11 00:00:00,168.56,170.11,166.05,168.66,489080.0,0.0005932605600379349,0.009195538680588582,0.01489084005695296,10
920,2022-10-12 00:00:00,168.66,168.66,162.075,162.27,623420.0,-0.03788687299893268,0.0,0.03904304517965142,10
921,2022-10-13 00:00:00,159.47,170.94,159.21,169.47,694113.0,0.06270771932024832,0.07192575406032482,0.0016304007023263995,10
922,2022-10-14 00:00:00,170.61,170.75,164.2335,165.84,720048.0,-0.02795850184631622,0.0008205849598498701,0.03737471426059446,10
923,2022-10-17 00:00:00,168.52,171.39,166.82,170.05,517228.0,0.009079041063375273,0.017030619511037123,0.010087823403750397,10
924,2022-10-18 00:00:00,173.94,174.22,170.12,170.79,384630.0,-0.018109692997585407,0.0016097504886742621,0.021961595952627304,10
925,2022-10-19 00:00:00,169.37,170.5699,165.75,167.13,417586.0,-0.013225482671075215,0.007084489579028077,0.021373324673791133,10
926,2022-10-20 00:00:00,166.41,168.53,165.03,165.85,448770.0,-0.0033651823808665484,0.01273961901328048,0.008292770867135361,10
927,2022-10-21 00:00:00,165.6,167.82,163.37,167.22,389920.0,0.009782608695652202,0.01340579710144927,0.013466183574879166,10
928,2022-10-24 00:00:00,168.64,170.0046,167.52,169.73,277408.0,0.006463472485768521,0.0080917931688806,0.006641366223908777,10
929,2022-10-25 00:00:00,169.82,172.31,169.82,171.9,332107.0,0.012248262866564672,0.014662583912377866,0.0,10
930,2022-10-26 00:00:00,172.75,175.36,171.54,172.9,413890.0,0.0008683068017366465,0.015108538350217155,0.0070043415340087295,10
931,2022-10-27 00:00:00,173.03,173.7338,169.96,171.41,535668.0,-0.009362538288158148,0.004067502745188702,0.017742587990521835,10
932,2022-10-28 00:00:00,171.74,174.36,170.1,172.88,406511.0,0.0066379410737160026,0.015255618958891373,0.00954931873762673,10
933,2022-10-31 00:00:00,172.32,174.58,170.59,172.58,591016.0,0.001508820798514504,0.013115134633240596,0.01003946146703801,10
934,2022-11-01 00:00:00,173.8,175.95,171.24,172.87,449294.0,-0.005350978135788301,0.012370540851553377,0.01472957422324512,11
935,2022-11-02 00:00:00,172.3,173.37,165.81,165.95,483045.0,-0.0368543238537436,0.006210098665118939,0.037666860127684325,11
936,2022-11-03 00:00:00,163.9,164.93,161.74,161.95,656005.0,-0.011897498474679786,0.006284319707138506,0.013178767541183627,11
937,2022-11-04 00:00:00,164.53,164.6868,161.14,162.94,563869.0,-0.009663891083692965,0.0009530176867440834,0.02060414514070391,11
938,2022-11-07 00:00:00,164.54,164.65,160.685,163.57,806938.0,-0.005895223046067819,0.0006685304485232384,0.023428953445970523,11
939,2022-11-08 00:00:00,164.0,165.775,160.79,163.59,688922.0,-0.0024999999999999792,0.010823170731707351,0.019573170731707366,11
940,2022-11-09 00:00:00,163.21,164.94,160.15,160.98,770833.0,-0.013663378469456639,0.01059984069603572,0.01874885117333498,11
941,2022-11-10 00:00:00,166.31,169.9,161.34,169.27,922017.0,0.01779808790812343,0.021586194456136153,0.029883951656544998,11
942,2022-11-11 00:00:00,168.88,172.92,168.88,172.54,773608.0,0.021672193273330156,0.023922311700615775,0.0,11
943,2022-11-14 00:00:00,171.82,172.925,166.92,167.78,665421.0,-0.023512978698638064,0.0064311488767315695,0.028518216738447247,11
944,2022-11-15 00:00:00,169.39,170.58,166.936,167.73,534204.0,-0.00979987012220318,0.0070252080996518465,0.014487277879449669,11
945,2022-11-16 00:00:00,167.96,168.31,164.97,166.34,731145.0,-0.009645153608001932,0.002083829483210254,0.017801857585139372,11
946,2022-11-17 00:00:00,165.35,168.35,163.53,166.06,465317.0,0.004293921983671049,0.018143332325370427,0.011006954944058019,11
947,2022-11-18 00:00:00,168.12,169.41,165.44,166.01,445831.0,-0.012550559124435008,0.007673090649535998,0.015940994527718338,11
948,2022-11-21 00:00:00,166.99,180.005,166.99,177.21,1283003.0,0.06120126953709802,0.07793879873046282,0.0,11
949,2022-11-22 00:00:00,177.31,178.29,174.14,177.82,621175.0,0.0028763183125598718,0.005527043031977834,0.017878292256500006,11
950,2022-11-23 00:00:00,177.82,181.0,177.0,180.51,467058.0,0.015127657181419401,0.017883252727477265,0.004611404791362014,11
951,2022-11-25 00:00:00,181.42,181.42,179.84,180.58,141819.0,-0.004630140006614348,0.0,0.008709072869584302,11
952,2022-11-28 00:00:00,179.18,180.85,177.72,178.24,443577.0,-0.005246121218886023,0.009320236633552782,0.008148230829333676,11
953,2022-11-29 00:00:00,177.85,179.875,177.85,178.39,368629.0,0.0030362665167275346,0.011385999437728455,0.0,11
954,2022-11-30 00:00:00,178.84,185.76,178.27,185.74,864600.0,0.03858197271303962,0.03869380451800485,0.003187206441511928,11
955,2022-12-01 00:00:00,186.82,193.2,186.82,192.31,789368.0,0.02938657531313569,0.03415051921635797,0.0,12
956,2022-12-02 00:00:00,190.08,193.31,189.8,191.91,431846.0,0.009627525252525169,0.016992845117845063,0.001473063973063979,12
957,2022-12-05 00:00:00,189.88,190.6,184.715,185.47,563116.0,-0.023225194859911504,0.0037918685485569775,0.027201390351801098,12
958,2022-12-06 00:00:00,184.91,185.31,182.38,183.57,391412.0,-0.007246768698285671,0.002163214536801718,0.013682331945270678,12
959,2022-12-07 00:00:00,183.98,185.95,182.36,185.56,485649.0,0.008587889988042247,0.010707685618001951,0.008805304924448181,12
960,2022-12-08 00:00:00,185.93,190.63,184.81,190.28,686269.0,0.023395901683429216,0.0252783305545097,0.006023772387457669,12
961,2022-12-09 00:00:00,189.27,192.43,188.985,191.96,834952.0,0.014212500660432174,0.016695725682886863,0.0015057853859565518,12
962,2022-12-12 00:00:00,192.33,197.06,192.0,194.78,850660.0,0.012738522331409496,0.024593147194925336,0.0017158009670878828,12
963,2022-12-13 00:00:00,200.19,200.835,195.05,199.08,858897.0,-0.0055447325041210116,0.003221939157800141,0.025675608172236308,12
964,2022-12-14 00:00:00,198.22,199.37,193.0,193.72,616700.0,-0.022702048229240237,0.005801634547472534,0.02633437594591867,12
965,2022-12-15 00:00:00,190.82,191.68,187.18,187.86,556714.0,-0.015512000838486426,0.004506865108479267,0.019075568598679312,12
966,2022-12-16 00:00:00,185.83,187.49,182.27,183.03,1030971.0,-0.015067534843674386,0.008932895657321189,0.01915729430124308,12
967,2022-12-19 00:00:00,182.86,184.3013,179.96,180.5,441459.0,-0.012906048342994714,0.00788198621896524,0.015859127201137514,12
968,2022-12-20 00:00:00,179.41,182.34,178.41,180.15,525533.0,0.004124630734072845,0.016331308176801777,0.005573825316314587,12
969,2022-12-21 00:00:00,180.84,183.2789,179.98,181.48,458698.0,0.003539040035390325,0.013486507409865017,0.004755585047555926,12
970,2022-12-22 00:00:00,180.11,181.87,176.78,181.86,489779.0,0.00971628449280995,0.009771806118483098,0.018488701349175574,12
971,2022-12-23 00:00:00,181.65,182.91,180.23,182.06,255374.0,0.002257087806220735,0.006936416184971048,0.00781723093861831,12
972,2022-12-27 00:00:00,181.99,184.28,180.05,183.2,276057.0,0.006648716962470352,0.012583108962030836,0.010659926369580732,12
973,2022-12-28 00:00:00,183.0,186.155,182.075,182.35,416538.0,-0.003551912568306042,0.017240437158469953,0.005054644808743232,12
974,2022-12-29 00:00:00,183.98,188.48,182.46,186.2,272823.0,0.012066528970540271,0.02445918034568975,0.008261767583432883,12
975,2022-12-30 00:00:00,184.57,185.68,182.89,184.69,336767.0,0.0006501598309584686,0.00601397843636568,0.009102237633418253,12
976,2023-01-03 00:00:00,186.57,188.85,184.19,185.58,363837.0,-0.005306319343945869,0.012220614246663456,0.012756606099587262,1
977,2023-01-04 00:00:00,188.21,191.41,187.325,191.32,511784.0,0.0165240954253227,0.017002284682004085,0.004702194357366874,1
978,2023-01-05 00:00:00,190.14,190.95,186.58,187.29,341182.0,-0.01498895550646889,0.004260018933417494,0.01872304617650139,1
979,2023-01-06 00:00:00,189.4,192.11,186.73,191.75,280716.0,0.012407602956705356,0.014308342133051783,0.014097148891235565,1
980,2023-01-09 00:00:00,192.61,193.66,190.09,190.85,354328.0,-0.009137635636779082,0.005451430351487372,0.013083432843569961,1
981,2023-01-10 00:00:00,193.5,203.98,193.5,201.52,674333.0,0.04144702842377266,0.0541602067183462,0.0,1
982,2023-01-11 00:00:00,202.87,204.115,198.68,200.69,570572.0,-0.010745797801547823,0.006136934982994058,0.020653620545176703,1
983,2023-01-12 00:00:00,201.35,201.43,196.99,200.23,502100.0,-0.00556245343928485,0.0003973181028061212,0.02165383660293015,1
984,2023-01-13 00:00:00,199.01,202.66,198.63,202.03,338054.0,0.015175116828300137,0.01834078689513093,0.001909451786342372,1
985,2023-01-17 00:00:00,201.25,202.68,197.38,199.88,435768.0,-0.006807453416149091,0.007105590062111835,0.019229813664596297,1
986,2023-01-18 00:00:00,199.93,200.14,194.71,195.14,307891.0,-0.023958385434902318,0.001050367628669932,0.026109138198369422,1
987,2023-01-19 00:00:00,194.09,199.3375,194.09,199.17,476370.0,0.026173424699881417,0.027036426400123666,0.0,1
988,2023-01-20 00:00:00,200.25,205.41,199.705,205.11,504351.0,0.024269662921348384,0.02576779026217227,0.0027215980024968165,1
989,2023-01-23 00:00:00,205.15,208.84,204.17,206.85,388087.0,0.00828661954667311,0.01798683889836704,0.0047769924445528545,1
990,2023-01-24 00:00:00,204.24,207.09,204.24,204.82,332137.0,0.0028397963180571096,0.013954171562867186,0.0,1
991,2023-01-25 00:00:00,202.76,206.015,202.3,205.0,544822.0,0.011047543894259267,0.01605346222134541,0.002268692049713847,1
992,2023-01-26 00:00:00,205.07,206.218,203.26,204.92,336385.0,-0.0007314575510801467,0.005598088457599825,0.008826254449700114,1
993,2023-01-27 00:00:00,204.88,206.359,203.535,206.1,276972.0,0.005954705193283868,0.007218859820382729,0.006564818430300658,1
994,2023-01-30 00:00:00,204.05,205.85,203.07,203.23,508085.0,-0.004018622886547521,0.008821367311933266,0.0048027444253860236,1
995,2023-01-31 00:00:00,203.19,206.56,202.54,206.51,341736.0,0.01633938678084548,0.016585461882966702,0.003198976327575204,1
996,2023-02-01 00:00:00,206.45,215.65,206.45,214.49,711880.0,0.03894405425042393,0.044562848147251234,0.0,2
997,2023-02-02 00:00:00,215.16,221.9,213.85,220.86,726900.0,0.02649191299498056,0.03132552519055591,0.0060884922848113135,2
998,2023-02-03 00:00:00,219.3,220.81,216.455,219.03,466520.0,-0.0012311901504788428,0.006885544915640633,0.012973096215230273,2
999,2023-02-06 00:00:00,217.37,217.77,213.89,214.64,480438.0,-0.012559230804618937,0.001840180337673118,0.016009568937755982,2
1000,2023-02-07 00:00:00,213.02,218.1,211.21,217.01,461718.0,0.018730635621068352,0.023847526053891576,0.008496854755422036,2
1001,2023-02-08 00:00:00,215.92,217.58,214.12,215.85,507860.0,-0.000324194145979961,0.007688032604668512,0.008336420896628302,2
1002,2023-02-09 00:00:00,201.45,202.5097,189.71,192.34,2013002.0,-0.045222139488706806,0.005260362372797324,0.05827748821047397,2
1003,2023-02-10 00:00:00,191.72,194.35,189.965,192.87,1018208.0,0.005998330899228071,0.013717921969538888,0.009153974546213204,2
1004,2023-02-13 00:00:00,193.3,197.36,192.5,196.32,801964.0,0.015623383341955415,0.021003621314019668,0.004138644593895558,2
1005,2023-02-14 00:00:00,195.82,198.87,193.55,194.84,479631.0,-0.00500459605760387,0.01557552854662451,0.011592278623225318,2
1006,2023-02-15 00:00:00,193.43,198.31,193.42,198.13,536234.0,0.024298195729721285,0.025228764927880863,5.1698288786741074e-05,2
1007,2023-02-16 00:00:00,195.88,196.73,191.6,191.68,535015.0,-0.02144169899938732,0.004339391464161703,0.02185011231366143,2
1008,2023-02-17 00:00:00,190.37,190.62,188.24,189.66,920927.0,-0.0037295792404265795,0.0013132321269107526,0.011188737721279589,2
1009,2023-02-21 00:00:00,188.47,188.47,184.71,185.01,609245.0,-0.018358359420597485,0.0,0.019950124688279253,2
1010,2023-02-22 00:00:00,185.58,186.85,184.35,185.28,621670.0,-0.0016165535079211734,0.006843409850199276,0.006627869382476658,2
1011,2023-02-23 00:00:00,185.04,188.45,183.93,187.85,510852.0,0.015185905750108098,0.018428447903156057,0.005998702983138701,2
1012,2023-02-24 00:00:00,185.33,187.0331,184.38,186.13,355018.0,0.004316624399719327,0.00918955376895256,0.005125991474666902,2
1013,2023-02-27 00:00:00,187.75,189.22,186.43,188.33,430289.0,0.0030892143808256326,0.00782956058588548,0.007030625832223665,2
1014,2023-02-28 00:00:00,187.48,189.66,186.79,188.03,1010600.0,0.002933646255600658,0.011627906976744222,0.0036803925752080103,2
1015,2023-03-01 00:00:00,187.04,188.93,185.89,188.52,478513.0,0.00791274593669813,0.010104790419161756,0.006148417450812691,3
1016,2023-03-02 00:00:00,187.31,189.25,186.07,188.38,603108.0,0.005712455288025163,0.010357161924083058,0.006620041642197475,3
1017,2023-03-03 00:00:00,189.97,190.71,189.16,189.95,476162.0,-0.00010527978101810934,0.003895351897668101,0.004263831131231259,3
1018,2023-03-06 00:00:00,189.94,190.2299,185.41,186.16,615475.0,-0.019901021375171114,0.0015262714541433543,0.023849636727387602,3
1019,2023-03-07 00:00:00,186.2,186.83,181.01,181.69,457813.0,-0.024221267454350114,0.0033834586466166697,0.02787325456498388,3
1020,2023-03-08 00:00:00,181.08,182.12,180.01,180.29,538471.0,-0.004362712613209744,0.005743317870554407,0.005908990501435949,3
1021,2023-03-09 00:00:00,181.17,184.905,180.55,182.52,634995.0,0.007451564828614135,0.020615996025832167,0.0034222001435114872,3
1022,2023-03-10 00:00:00,182.25,182.515,176.72,177.5,773375.0,-0.02606310013717421,0.0014540466392317496,0.03034293552812072,3
1023,2023-03-13 00:00:00,175.99,183.06,175.36,178.6,681708.0,0.014830388090232315,0.040172737087334466,0.003579748849366415,3
1024,2023-03-14 00:00:00,181.61,181.71,175.95,178.54,765506.0,-0.01690435548703277,0.0005506304718902831,0.03116568470899193,3
1025,2023-03-15 00:00:00,174.97,176.46,173.21,176.39,572358.0,0.008115676973195334,0.008515745556381146,0.010058867234382984,3
1026,2023-03-16 00:00:00,174.78,179.61,174.23,178.72,428892.0,0.022542625014303683,0.02763474081702719,0.00314681313651454,3
1027,2023-03-17 00:00:00,178.63,178.63,176.17,176.56,1012058.0,-0.01158819907070477,0.0,0.013771482953591267,3
1028,2023-03-20 00:00:00,176.58,181.563,176.1,181.26,573088.0,0.026503567787971333,0.028219503907577163,0.0027183146449202525,3
1029,2023-03-21 00:00:00,182.05,184.76,182.05,184.49,542504.0,0.013402911288107649,0.014886020324086676,0.0,3
1030,2023-03-22 00:00:00,184.61,185.91,181.21,181.44,418080.0,-0.0171713341639132,0.0070418720546015,0.018417203835111886,3
1031,2023-03-23 00:00:00,181.85,184.61,181.22,181.42,469172.0,-0.00236458619741549,0.015177343964806266,0.0034643937310970332,3
1032,2023-03-24 00:00:00,181.29,185.46,180.94,185.2,321945.0,0.021567654034971576,0.023001820287936545,0.001930608417452669,3
1033,2023-03-27 00:00:00,187.54,188.95,186.15,186.32,449137.0,-0.006505278873840241,0.007518396075503875,0.007411752159539226,3
1034,2023-03-28 00:00:00,185.64,187.225,184.54,185.31,260153.0,-0.0017776341305752214,0.00853803059685417,0.0059254471019176596,3
1035,2023-03-29 00:00:00,186.44,187.7,185.855,187.46,268377.0,0.0054709289851963645,0.006758206393477746,0.0031377386826861617,3
1036,2023-03-30 00:00:00,189.32,190.05,187.515,188.8,390998.0,-0.002746672300866162,0.0038559053454469585,0.009534122121276183,3
1037,2023-03-31 00:00:00,190.15,191.39,189.4,191.28,405431.0,0.005942676834078335,0.006521167499342523,0.003944254535892716,3
1038,2023-04-03 00:00:00,190.73,191.48,188.67,190.52,496250.0,-0.001101032873695693,0.003932260263199287,0.010800608189587387,4
1039,2023-04-04 00:00:00,191.27,192.76,190.21,191.27,324579.0,0.0,0.007790035029016472,0.005541904114602406,4
1040,2023-04-05 00:00:00,191.25,193.5,189.91,192.25,239743.0,0.00522875816993464,0.011764705882352941,0.007006535947712436,4
1041,2023-04-06 00:00:00,192.51,193.31,191.03,193.1,241208.0,0.0030647758557997167,0.004155628279050499,0.007687912316243259,4
1042,2023-04-10 00:00:00,191.99,192.31,190.15,192.24,299758.0,0.0013021511537059222,0.0016667534767435448,0.009583832491275604,4
1043,2023-04-11 00:00:00,193.63,195.71,193.255,195.36,261454.0,0.008934565924701845,0.01074213706553743,0.0019366833651810154,4
1044,2023-04-12 00:00:00,197.03,197.34,192.93,193.51,367748.0,-0.017865299700553266,0.0015733644622646413,0.020809013855757976,4
1045,2023-04-13 00:00:00,194.27,195.39,193.29,195.12,353954.0,0.004375353888917456,0.005765172183044094,0.005044525660163783,4
1046,2023-04-14 00:00:00,190.52,190.52,184.89,186.53,560489.0,-0.020942683182867988,0.0,0.02955070333823233,4
1047,2023-04-17 00:00:00,187.2,188.2,186.38,188.14,376623.0,0.00502136752136751,0.005341880341880342,0.004380341880341844,4
1048,2023-04-18 00:00:00,188.94,188.94,182.72,183.77,549473.0,-0.027363184079601924,0.0,0.03292050386366042,4
1049,2023-04-19 00:00:00,184.0,186.79,182.6,186.75,550744.0,0.014945652173913044,0.015163043478260826,0.007608695652173944,4
1050,2023-04-20 00:00:00,186.17,186.23,183.71,185.44,335937.0,-0.003921147338454047,0.00032228608261267806,0.013213729387119191,4
1051,2023-04-21 00:00:00,186.86,188.435,185.575,187.07,331190.0,0.001123836026971955,0.008428770202290423,0.0068768061650434816,4
1052,2023-04-24 00:00:00,188.15,188.74,186.435,187.5,273157.0,-0.0034546904065905163,0.003135795907520613,0.00911506776508107,4
1053,2023-04-25 00:00:00,186.5,186.5,181.78,181.84,293800.0,-0.024986595174262716,0.0,0.025308310991957097,4
1054,2023-04-26 00:00:00,180.75,183.635,180.54,182.85,290084.0,0.011618257261410758,0.015961272475795246,0.001161825726141123,4
1055,2023-04-27 00:00:00,183.16,185.92,181.78,185.85,281774.0,0.014686612797554038,0.015068792312731989,0.007534396156365994,4
1056,2023-04-28 00:00:00,186.18,189.755,186.18,188.55,280766.0,0.012729616500161158,0.019201847674293632,0.0,4
1057,2023-05-01 00:00:00,188.23,192.46,187.79,192.11,567161.0,0.020613079742867895,0.022472507039260577,0.002337565744036539,5
1058,2023-05-02 00:00:00,190.68,191.775,188.005,190.05,364499.0,-0.0033039647577092273,0.005742605412208931,0.014028739249003625,5
1059,2023-05-03 00:00:00,192.01,192.075,187.23,187.68,396323.0,-0.022550908806832897,0.00033852403520648783,0.024894536742877983,5
1060,2023-05-04 00:00:00,190.48,190.48,186.765,188.88,476879.0,-0.008399832003359904,0.0,0.019503359932801362,5
1061,2023-05-05 00:00:00,190.13,190.56,186.0332,189.18,508786.0,-0.004996581286488133,0.0022616104770420598,0.021547362331036667,5
1062,2023-05-08 00:00:00,188.41,189.47,185.34,188.98,432078.0,0.003025317127540965,0.005626028342444681,0.016294251897457635,5
1063,2023-05-09 00:00:00,186.69,187.58,185.22,187.12,509089.0,0.0023032835181316987,0.004767261235202822,0.00787401574803149,5
1064,2023-05-10 00:00:00,188.53,190.065,187.065,189.39,591729.0,0.004561608232111522,0.008141940274757314,0.007770646581445942,5
1065,2023-05-11 00:00:00,199.49,211.675,198.11,208.0,1363609.0,0.04265877988871618,0.06108075592761543,0.00691763998195396,5
1066,2023-05-12 00:00:00,208.0,211.26,206.19,210.85,777601.0,0.013701923076923049,0.01567307692307688,0.008701923076923088,5
1067,2023-05-15 00:00:00,211.31,212.815,210.07,210.83,478943.0,-0.0022715441768018066,0.007122237471014128,0.005868155790071502,5
1068,2023-05-16 00:00:00,209.98,210.29,206.7325,207.93,347786.0,-0.009762834555671888,0.0014763310791504063,0.015465758643680362,5
1069,2023-05-17 00:00:00,208.12,208.12,204.422,205.82,440156.0,-0.011051316548145356,0.0,0.01776859504132235,5
1070,2023-05-18 00:00:00,206.06,207.22,204.69,206.77,333248.0,0.0034455983694070074,0.005629428321847989,0.006648548966320511,5
1071,2023-05-19 00:00:00,207.91,207.91,204.55,205.7,443545.0,-0.010629599345870848,0.0,0.016160838824491295,5
1072,2023-05-22 00:00:00,205.52,208.27,205.12,206.92,281211.0,0.006811989100817328,0.013380692876605682,0.0019462826002335815,5
1073,2023-05-23 00:00:00,205.91,207.11,201.77,201.88,440633.0,-0.019571657520275853,0.005827788839784455,0.02010587149725602,5
1074,2023-05-24 00:00:00,200.72,202.11,198.58,200.84,400613.0,0.0005978477481068381,0.006925069748904019,0.010661618174571475,5
1075,2023-05-25 00:00:00,200.06,201.46,196.32,201.21,441988.0,0.005748275517344825,0.006997900629811085,0.018694391682495298,5
1076,2023-05-26 00:00:00,201.24,202.82,198.83,200.44,332745.0,-0.003975352812562171,0.007851321804810097,0.011975750347843353,5
1077,2023-05-30 00:00:00,199.33,201.43,198.8225,199.55,240482.0,0.0011036973862439113,0.01053529323232827,0.0025460291978127805,5
1078,2023-05-31 00:00:00,198.97,200.725,196.5734,199.97,737083.0,0.005025883298989797,0.008820425189727072,0.012045031914358982,5
1079,2023-06-01 00:00:00,199.84,203.86,199.07,202.42,576768.0,0.012910328262610009,0.02011609287429949,0.003853082465972829,6
1080,2023-06-02 00:00:00,203.65,206.51,202.58,205.47,481962.0,0.008936901546771387,0.014043702430640733,0.005254112447827121,6
1081,2023-06-05 00:00:00,205.51,207.33,203.975,206.05,441551.0,0.002627609362074938,0.008856016738844931,0.007469222908860866,6
1082,2023-06-06 00:00:00,206.44,208.255,205.925,207.3,430413.0,0.004165859329587356,0.008791900794419676,0.0024946715752760433,6
1083,2023-06-07 00:00:00,207.11,208.24,204.825,207.93,438813.0,0.003959248708415785,0.005456037854280312,0.011032784510646636,6
1084,2023-06-08 00:00:00,207.85,207.85,205.24,206.21,244110.0,-0.007890305508780305,0.0,0.012557132547510152,6
1085,2023-06-09 00:00:00,207.04,207.45,205.175,206.98,250337.0,-0.00028979907264297853,0.001980293663060262,0.009007921174652149,6
1086,2023-06-12 00:00:00,206.68,207.965,205.06,207.89,284600.0,0.005854461002515868,0.006217340816721485,0.00783820398683958,6
1087,2023-06-13 00:00:00,207.52,209.77,205.53,207.59,353255.0,0.0003373168851194737,0.010842328450269853,0.009589437162683158,6
1088,2023-06-14 00:00:00,209.96,215.75,209.13,213.12,551035.0,0.01505048580682033,0.02757668127262332,0.003953133930272492,6
1089,2023-06-15 00:00:00,212.66,214.67,211.535,213.53,375401.0,0.004091037336593645,0.009451706950061088,0.005290134486974514,6
1090,2023-06-16 00:00:00,214.29,216.3,212.89,213.61,1058412.0,-0.003173269867935874,0.009379812403752016,0.006533202669279974,6
1091,2023-06-20 00:00:00,211.45,213.645,210.08,213.59,451841.0,0.010120595885552211,0.01038070465831176,0.0064790730669187805,6
1092,2023-06-21 00:00:00,213.23,213.75,211.61,212.07,252522.0,-0.005440135065422298,0.002438681236223844,0.007597430005158637,6
1093,2023-06-22 00:00:00,212.39,212.75,210.85,212.23,242046.0,-0.0007533311361175036,0.0016949950562644837,0.00725081218513109,6
1094,2023-06-23 00:00:00,211.67,211.81,209.35,210.81,483547.0,-0.004062928142863823,0.0006614069069779127,0.010960457315632792,6
1095,2023-06-26 00:00:00,211.44,212.84,209.34,212.0,312514.0,0.0026485054861899466,0.0066212637154748665,0.009931895573212233,6
1096,2023-06-27 00:00:00,211.95,217.19,210.33,216.82,432562.0,0.02297711724463319,0.024722811983958527,0.007643312101910716,6
1097,2023-06-28 00:00:00,217.07,218.54,216.12,216.89,452232.0,-0.000829225595430077,0.006772009029345367,0.004376468420325188,6
1098,2023-06-29 00:00:00,216.35,221.99,216.06,220.99,702678.0,0.021446729835914096,0.026068869886757638,0.00134042061474459,6
1099,2023-06-30 00:00:00,221.81,226.23,221.67,224.98,760798.0,0.014291510752445731,0.01992696451918303,0.000631170821874644,6
1100,2023-07-03 00:00:00,222.8,223.35,218.13,219.14,332517.0,-0.01642728904847408,0.002468581687612132,0.020960502692998276,7
1101,2023-07-05 00:00:00,217.74,219.375,216.575,218.92,380200.0,0.005419307430880768,0.007508955635161159,0.00535041792964095,7
1102,2023-07-06 00:00:00,217.52,219.12,214.537,218.45,563625.0,0.0042754689223978406,0.007355645457888903,0.013713681500551692,7
1103,2023-07-07 00:00:00,217.45,220.22,217.45,217.85,221447.0,0.0018395033340998194,0.012738560588641114,0.0,7
1104,2023-07-10 00:00:00,218.34,223.19,217.53,223.05,392084.0,0.021571860401209158,0.022213062196574124,0.0037098103874690955,7
1105,2023-07-11 00:00:00,222.77,225.11,222.67,224.0,367016.0,0.005521389774206535,0.010504107375319852,0.0004488934775778728,7
1106,2023-07-12 00:00:00,225.94,227.01,223.49,226.7,333916.0,0.0033637248827121844,0.0047357705585553385,0.010843586792953832,7
1107,2023-07-13 00:00:00,227.05,229.0,226.33,228.74,370231.0,0.007443294428539959,0.008588416648315299,0.003171107685531816,7
1108,2023-07-14 00:00:00,228.67,230.0,227.52,229.08,329253.0,0.0017929767787642674,0.005816241745747202,0.005029081208728636,7
1109,2023-07-17 00:00:00,229.02,229.7025,226.85,228.35,314417.0,-0.002925508689197519,0.0029800890751898353,0.009475155008296288,7
1110,2023-07-18 00:00:00,227.43,228.765,225.26,226.95,353202.0,-0.0021105395066614704,0.005869938002901902,0.009541397353031772,7
1111,2023-07-19 00:00:00,225.91,228.97,225.75,227.44,371338.0,0.006772608560931349,0.013545217121862699,0.000708246646894766,7
1112,2023-07-20 00:00:00,228.96,230.96,226.41,230.15,434245.0,0.005197414395527593,0.008735150244584206,0.011137316561844912,7
1113,2023-07-21 00:00:00,230.58,233.41,229.53,232.09,364281.0,0.006548703270014705,0.012273397519299088,0.004553734061930832,7
1114,2023-07-24 00:00:00,232.71,234.11,231.53,232.17,466720.0,-0.002320484723475658,0.006016071505307059,0.005070688840187387,7
1115,2023-07-25 00:00:00,231.32,233.14,228.7,233.02,596087.0,0.007349126750821447,0.007867888639114617,0.01132630122773649,7
1116,2023-07-26 00:00:00,232.54,233.3,229.64,231.86,418801.0,-0.002924228089790911,0.0032682549238841462,0.012470972735873423,7
1117,2023-07-27 00:00:00,233.25,234.16,229.58,229.78,517756.0,-0.014876741693461946,0.0039013933547695457,0.01573419078242224,7
1118,2023-07-28 00:00:00,231.23,232.3,228.69,230.04,364610.0,-0.0051463910392250045,0.004627427236950316,0.010984733814816383,7
1119,2023-07-31 00:00:00,230.07,230.07,224.76,225.55,584623.0,-0.019646194636414926,0.0,0.023079932194549495,7
1120,2023-08-01 00:00:00,223.85,225.525,222.19,224.01,761667.0,0.0007147643511279723,0.00748268930087117,0.007415680142952855,8
1121,2023-08-02 00:00:00,251.66,254.0,226.36,227.8,873214.0,-0.09481045855519346,0.009298259556544558,0.10053246443614394,8
1122,2023-08-03 00:00:00,227.07,228.3765,222.52,225.5,531667.0,-0.00691416743735409,0.005753732329237679,0.02003787378341473,8
1123,2023-08-04 00:00:00,224.19,228.005,222.31,226.01,477413.0,0.00811811409964759,0.017016816093492117,0.008385744234800818,8
1124,2023-08-07 00:00:00,226.1,227.68,225.49,226.19,247029.0,0.00039805395842549055,0.006988058381247291,0.0026979212737726016,8
1125,2023-08-08 00:00:00,225.11,226.17,222.235,225.24,354185.0,0.0005774954466704964,0.004708809026697942,0.01277153391675181,8
1126,2023-08-09 00:00:00,224.94,228.0,224.555,226.97,281118.0,0.009024628789899534,0.013603627634035753,0.0017115675291188358,8
1127,2023-08-10 00:00:00,227.35,230.0,226.0,227.23,382603.0,-0.0005278205410160745,0.011656036947437897,0.0059379810864305885,8
1128,2023-08-11 00:00:00,226.9,228.15,226.085,228.0,220513.0,0.0048479506390480135,0.005509034817100044,0.0035918907007492186,8
1129,2023-08-14 00:00:00,227.82,229.77,227.015,229.14,233748.0,0.005794047932578322,0.008559388991309003,0.0035334913528224337,8
1130,2023-08-15 00:00:00,228.87,230.45,228.355,229.5,226767.0,0.0027526543452614824,0.0069034823262113165,0.0022501856949360545,8
1131,2023-08-16 00:00:00,228.98,229.92,227.22,227.27,272723.0,-0.007467901126735871,0.004105162022884085,0.007686260808804223,8
1132,2023-08-17 00:00:00,227.96,228.05,223.905,224.05,234629.0,-0.01715213195297419,0.00039480610633445956,0.017788208457624174,8
1133,2023-08-18 00:00:00,223.26,225.82,223.225,223.87,400915.0,0.002732240437158531,0.011466451670697852,0.00015676789393530679,8
1134,2023-08-21 00:00:00,224.02,224.605,220.61,222.76,340726.0,-0.0056244978126953815,0.0026113739844655813,0.015221855191500743,8
1135,2023-08-22 00:00:00,222.48,224.66,221.4657,223.33,318512.0,0.0038205681409565926,0.009798633585041383,0.004559061488673102,8
1136,2023-08-23 00:00:00,224.56,225.56,222.88,225.52,220452.0,0.004275026718917029,0.004453152832205202,0.007481296758104768,8
1137,2023-08-24 00:00:00,225.75,228.2,223.855,224.57,180550.0,-0.00522702104097456,0.010852713178294523,0.008394241417497277,8
1138,2023-08-25 00:00:00,225.43,226.96,223.965,226.4,161866.0,0.004302887814399143,0.006787029233021342,0.0064986913897884194,8
1139,2023-08-28 00:00:00,227.75,229.99,226.92,227.83,135930.0,0.0003512623490670143,0.009835345773874902,0.0036443468715697583,8
1140,2023-08-29 00:00:00,227.99,231.5,226.985,231.38,177484.0,0.01486907320496507,0.015395412079477129,0.004408088074038315,8
1141,2023-08-30 00:00:00,231.46,232.8658,231.03,232.0,213108.0,0.0023330165039315304,0.006073619631901837,0.0018577724012788681,8
1142,2023-08-31 00:00:00,231.91,232.22,229.36,229.59,290711.0,-0.010003880815833699,0.0013367254538398615,0.010995644862230964,8
1143,2023-09-01 00:00:00,232.5,233.6,230.455,230.87,510120.0,-0.007010752688172023,0.0047311827956989004,0.00879569892473113,9
1144,2023-09-05 00:00:00,229.98,229.98,223.57,223.64,298257.0,-0.027567614575180466,0.0,0.027871988868597257,9
1145,2023-09-06 00:00:00,223.97,224.9299,219.491,223.79,445205.0,-0.000803679064160409,0.004285841853819729,0.01999821404652402,9
1146,2023-09-07 00:00:00,224.51,225.56,223.195,224.46,355970.0,-0.00022270722907657988,0.004676851810609823,0.005857200124716039,9
1147,2023-09-08 00:00:00,223.81,224.32,221.9,222.75,251183.0,-0.004736160135829509,0.0022787185559179253,0.00853402439569276,9
1148,2023-09-11 00:00:00,224.11,231.66,223.69,228.78,345116.0,0.020837981348444903,0.033688813529070466,0.0018740796930079688,9
1149,2023-09-12 00:00:00,228.18,228.635,225.995,226.86,183043.0,-0.005784906652642621,0.0019940397931456923,0.009575773512139549,9
1150,2023-09-13 00:00:00,226.52,231.425,226.52,230.43,338279.0,0.017261168991700496,0.021653717111071873,0.0,9
1151,2023-09-14 00:00:00,231.76,232.17,228.79,229.9,274804.0,-0.008025543665861173,0.001769071453227462,0.012814981014842937,9
1152,2023-09-15 00:00:00,230.16,231.81,228.52,229.5,653176.0,-0.0028675703858185462,0.007168925964546428,0.007125477928397577,9
1153,2023-09-18 00:00:00,229.24,230.3,227.605,228.08,210068.0,-0.005060198918164355,0.004623974873495037,0.007132263130343828,9
1154,2023-09-19 00:00:00,228.08,228.95,225.78,226.85,300743.0,-0.005392844615924317,0.0038144510697999652,0.010084180989126671,9
1155,2023-09-20 00:00:00,228.69,228.8,224.84,225.27,290437.0,-0.014954742227469446,0.00048100048100054065,0.01683501683501681,9
1156,2023-09-21 00:00:00,223.75,223.83,220.02,220.67,358910.0,-0.013765363128491677,0.0003575418994413967,0.016670391061452468,9
1157,2023-09-22 00:00:00,220.67,226.23,219.36,223.94,462109.0,0.014818507273304075,0.02519599401821726,0.005936466216522291,9
1158,2023-09-25 00:00:00,223.86,225.83,222.39,225.73,327181.0,0.008353435182703367,0.008800142946484405,0.006566604127579859,9
1159,2023-09-26 00:00:00,224.9,226.36,222.97,223.23,360805.0,-0.007425522454424259,0.006491774121831961,0.008581591818586068,9
1160,2023-09-27 00:00:00,223.81,224.0015,216.26,217.9,525773.0,-0.026406326795049357,0.0008556364773691554,0.03373397077878563,9
1161,2023-09-28 00:00:00,218.61,222.935,218.61,222.19,322929.0,0.016376195050546563,0.019784090389277656,0.0,9
1162,2023-09-29 00:00:00,223.39,223.39,218.91,219.42,326894.0,-0.01777161018845964,0.0,0.020054613008639553,9
1163,2023-10-02 00:00:00,217.8,218.16,214.05,215.5,445180.0,-0.01056014692378334,0.0016528925619834032,0.01721763085399449,10
1164,2023-10-03 00:00:00,214.82,219.06,213.69,218.28,540402.0,0.016106507773950323,0.019737454613164552,0.005260217856810332,10
1165,2023-10-04 00:00:00,219.63,223.34,216.51,222.56,557102.0,0.013340618312616705,0.01689204571324504,0.014205709602513338,10
1166,2023-10-05 00:00:00,222.41,223.46,218.471,222.46,447875.0,0.00022481003552003674,0.004721010745919749,0.017710534598264435,10
1167,2023-10-06 00:00:00,221.79,225.61,219.73,224.23,289486.0,0.011001397718562594,0.017223499706930077,0.009288065286983192,10
1168,2023-10-09 00:00:00,222.89,226.1,222.39,225.81,273927.0,0.013100632599039957,0.01440172282291717,0.002243259006684912,10
1169,2023-10-10 00:00:00,225.46,229.175,225.065,227.52,316459.0,0.009136875720748701,0.016477423933291952,0.0017519737425707896,10
1170,2023-10-11 00:00:00,226.75,226.75,220.38,225.0,358690.0,-0.007717750826901874,0.0,0.028092613009922843,10
1171,2023-10-12 00:00:00,225.73,226.72,219.56,219.69,418212.0,-0.02675763079785581,0.004385770610906876,0.027333540069995072,10
1172,2023-10-13 00:00:00,219.37,222.48,218.32,222.32,342445.0,0.013447599945297846,0.01417696129826314,0.004786433878834897,10
1173,2023-10-16 00:00:00,223.87,226.85,221.815,224.04,282487.0,0.00075936927681238,0.013311296734712064,0.00917943449323271,10
1174,2023-10-17 00:00:00,222.34,226.15,221.78,223.04,311082.0,0.003148331384366235,0.017135917963479366,0.002518665107493039,10
1175,2023-10-18 00:00:00,223.25,223.91,221.34,221.94,211850.0,-0.005867861142217256,0.0029563269876819558,0.008555431131019023,10
1176,2023-10-19 00:00:00,221.96,222.12,216.57,216.9,282842.0,-0.022796900342404045,0.0007208506037123652,0.024283654712560887,10
1177,2023-10-20 00:00:00,217.29,219.02,215.84,217.05,273072.0,-0.001104514703851906,0.007961710156933215,0.006673109669105751,10
1178,2023-10-23 00:00:00,216.99,217.36,213.72,214.77,266878.0,-0.010230886215954646,0.0017051477026591296,0.015069818885662981,10
1179,2023-10-24 00:00:00,215.12,217.58,214.89,217.21,215657.0,0.00971550762365193,0.01143547787281521,0.0010691706954258934,10
1180,2023-10-25 00:00:00,216.3,216.86,212.5601,213.0,247618.0,-0.015256588072122105,0.0025889967637540558,0.017290337494221014,10
1181,2023-10-26 00:00:00,211.17,213.06,209.23,209.4,355071.0,-0.008381872425060293,0.008950134962352677,0.009186911019557691,10
1182,2023-10-27 00:00:00,210.04,212.14,207.5643,209.39,251905.0,-0.0030946486383546263,0.00999809560083791,0.011786802513806843,10
1183,2023-10-30 00:00:00,211.54,211.86,206.565,209.1,279556.0,-0.011534461567552225,0.0015127162711544937,0.023518010778103407,10
1184,2023-10-31 00:00:00,210.07,211.36,208.505,209.98,589386.0,-0.0004284286190317676,0.006140810206121866,0.007449897653163221,10
1185,2023-11-01 00:00:00,210.25,213.115,209.08,212.95,453101.0,0.012841854934601611,0.01362663495838292,0.005564803804993995,11
1186,2023-11-02 00:00:00,214.71,216.1,212.25,212.85,406405.0,-0.008662847561827645,0.006473848446742054,0.01145731451725587,11
1187,2023-11-03 00:00:00,214.17,217.92,214.17,217.23,297861.0,0.014287715366297813,0.01750945510575711,0.0,11
1188,2023-11-06 00:00:00,217.62,217.62,215.44,217.5,373436.0,-0.0005514199062586369,0.0,0.010017461630364887,11
1189,2023-11-07 00:00:00,217.3,218.9,216.55,218.23,497521.0,0.004279797514956182,0.00736309249884949,0.0034514496088357107,11
1190,2023-11-08 00:00:00,215.0,215.0,198.81,206.32,1030829.0,-0.040372093023255846,0.0,0.07530232558139534,11
1191,2023-11-09 00:00:00,206.11,206.1416,199.92,200.73,604032.0,-0.02610256659065559,0.00015331619038376306,0.030032506913784028,11
1192,2023-11-10 00:00:00,202.37,203.485,199.0,199.32,588490.0,-0.015071403864209177,0.005509709937243708,0.016652665908978626,11
1193,2023-11-13 00:00:00,200.93,203.69,199.0,202.23,422872.0,0.006469914895734748,0.013736127009406214,0.009605335191360208,11
1194,2023-11-14 00:00:00,205.05,208.92,204.1,205.66,409773.0,0.0029748841745914907,0.018873445501097177,0.0046330163374787466,11
1195,2023-11-15 00:00:00,204.95,206.64,203.05,203.53,742842.0,-0.006928519151012382,0.008245913637472544,0.009270553793608086,11
1196,2023-11-16 00:00:00,204.53,205.695,202.95,203.42,503799.0,-0.005427076712462786,0.005695985918936058,0.007725028113235283,11
1197,2023-11-17 00:00:00,204.26,204.33,198.0353,200.23,656527.0,-0.01972975619308725,0.0003427004797807775,0.03047439537843917,11
1198,2023-11-20 00:00:00,199.85,200.5,197.89,199.8,485088.0,-0.0002501876407304626,0.0032524393294971515,0.009807355516637518,11
1199,2023-11-21 00:00:00,201.29,203.69,200.32,201.19,489325.0,-0.0004967956679417473,0.011923096030602641,0.004818917979035217,11
1200,2023-11-22 00:00:00,202.52,203.61,200.675,202.56,282371.0,0.00019751135690298263,0.005382184475607364,0.00911021133715188,11
1201,2023-11-24 00:00:00,202.48,203.825,200.84,203.19,135995.0,0.003506519162386448,0.0066426313709995995,0.008099565389174172,11
1202,2023-11-27 00:00:00,202.14,202.65,200.64,201.4,415606.0,-0.0036608291283268066,0.0025230038587118796,0.0074205995844464235,11
1203,2023-11-28 00:00:00,200.62,202.1263,197.8,197.83,432353.0,-0.01390688864519984,0.0075082245040373925,0.014056425082245007,11
1204,2023-11-29 00:00:00,198.14,199.51,196.76,197.44,444504.0,-0.00353285555667704,0.006914303018068056,0.006964772383163397,11
1205,2023-11-30 00:00:00,197.29,201.13,195.47,200.94,1339207.0,0.018500684271884057,0.0194637335901465,0.00922499873282981,11
1206,2023-12-01 00:00:00,199.77,204.475,199.13,203.51,363204.0,0.018721529759223008,0.023552084897632195,0.003203684236872477,12
1207,2023-12-04 00:00:00,201.9,203.23,197.83,199.27,493433.0,-0.013026250619118352,0.006587419514611115,0.020158494304110913,12
1208,2023-12-05 00:00:00,198.4,199.39,195.5,198.55,524008.0,0.0007560483870968028,0.004989919354838612,0.014616935483870996,12
1209,2023-12-06 00:00:00,198.89,200.7,198.0,199.29,471126.0,0.0020111619488159573,0.009100507818392087,0.0044748353361153724,12
1210,2023-12-07 00:00:00,200.08,202.03,198.96,201.99,390516.0,0.009546181527389027,0.009746101559376191,0.005597760895641766,12
1211,2023-12-08 00:00:00,202.64,202.64,197.98,200.5,597401.0,-0.010560600078957691,0.0,0.022996446900907998,12
1212,2023-12-11 00:00:00,200.61,201.87,199.9,201.69,402601.0,0.0053835800807536215,0.006280843427545939,0.003539205423458491,12
1213,2023-12-12 00:00:00,202.36,202.82,200.135,201.58,634002.0,-0.003854516702905718,0.0022731765170981395,0.010995255979442689,12
1214,2023-12-13 00:00:00,201.47,207.07,200.41,206.87,437051.0,0.02680299796495759,0.027795701593289295,0.005261329230158348,12
1215,2023-12-14 00:00:00,208.18,211.39,206.38,210.45,581780.0,0.010904025362666835,0.015419348640599382,0.008646363723700697,12
1216,2023-12-15 00:00:00,209.63,212.84,208.28,212.64,1211435.0,0.014358631875208657,0.015312693793827258,0.006439917950674972,12
1217,2023-12-18 00:00:00,213.24,215.61,212.49,215.54,794945.0,0.010785968861376772,0.011114237478897039,0.0035171637591446254,12
1218,2023-12-19 00:00:00,216.01,219.15,215.97,219.05,560636.0,0.014073422526734969,0.014536364057219642,0.00018517661219384307,12
1219,2023-12-20 00:00:00,219.0,219.29,214.93,214.95,409425.0,-0.01849315068493156,0.0013242009132419727,0.018584474885844717,12
1220,2023-12-21 00:00:00,216.02,219.62,216.02,218.43,415812.0,0.011156374409776857,0.01666512359966667,0.0,12
1221,2023-12-22 00:00:00,219.45,221.0,218.885,219.79,212521.0,0.0015493278651173544,0.007063112326270273,0.002574618364092038,12
1222,2023-12-26 00:00:00,219.49,222.275,218.38,221.42,251007.0,0.008793111303476141,0.012688505171078394,0.005057178003553754,12
1223,2023-12-27 00:00:00,221.04,223.35,221.04,223.34,245406.0,0.01040535649656176,0.010450597176981552,0.0,12
1224,2023-12-28 00:00:00,222.74,225.0,221.17,221.74,302319.0,-0.004489539373260304,0.010146358983568245,0.007048576816018773,12
1225,2023-12-29 00:00:00,221.81,221.87,219.32,219.85,399940.0,-0.008836391506244119,0.00027050178080340054,0.011225823903340738,12
